           1           ,0.0115332           ,0           ,0
           2           ,0.0345996           ,0           ,0
           3           ,0.0576661           ,0           ,0
           4           ,0.0807325           ,0           ,0
           5           ,0.103799           ,0           ,0
           6           ,0.126865           ,0           ,0
           7           ,0.149932           ,0           ,0
           8           ,0.172998           ,0           ,0
           9           ,0.196065           ,0           ,0
          10           ,0.219131           ,0           ,0
          11           ,0.242198           ,0           ,0
          12           ,0.265264           ,0           ,0
          13           ,0.28833           ,0           ,0
          14           ,0.311397           ,0           ,0
          15           ,0.334463           ,0           ,0
          16           ,0.35753           ,0           ,0
          17           ,0.380596           ,0           ,0
          18           ,0.403663           ,0           ,0
          19           ,0.426729           ,0           ,0
          20           ,0.449795           ,0           ,0
          21           ,0.472862           ,0           ,0
          22           ,0.495928           ,0           ,0
          23           ,0.518995           ,0           ,0
          24           ,0.542061           ,0           ,0
          25           ,0.565128           ,0           ,0
          26           ,0.588194           ,0           ,0
          27           ,0.61126           ,0           ,0
          28           ,0.634327           ,0           ,0
          29           ,0.657393           ,0           ,0
          30           ,0.68046           ,0           ,0
          31           ,0.703526           ,0           ,0
          32           ,0.726593           ,0           ,0
          33           ,0.749659           ,0           ,0
          34           ,0.772725           ,0           ,0
          35           ,0.795792           ,0           ,0
          36           ,0.818858           ,0           ,0
          37           ,0.841925           ,0           ,0
          38           ,0.864991           ,0           ,0
          39           ,0.888058           ,0.00106042           ,0.000148584
          40           ,0.911124           ,0.0244787           ,0.00180141
          41           ,0.93419           ,0.217896           ,0.00942827
          42           ,0.957257           ,0.866068           ,0.0196313
          43           ,0.980323           ,2.02412           ,0.0271895
          44           ,1.00339           ,3.21674           ,0.014753
          45           ,1.02646           ,3.91524           ,0.010114
          46           ,1.04952           ,3.97764           ,0.0161747
          47           ,1.07259           ,3.60933           ,0.0193663
          48           ,1.09566           ,3.03743           ,0.0165861
          49           ,1.11872           ,2.46068           ,0.0153124
          50           ,1.14179           ,1.96971           ,0.0112414
          51           ,1.16485           ,1.5723           ,0.00817337
          52           ,1.18792           ,1.2543           ,0.00927021
          53           ,1.21099           ,1.02961           ,0.00953093
          54           ,1.23405           ,0.848975           ,0.00992802
          55           ,1.25712           ,0.715824           ,0.00952519
          56           ,1.28019           ,0.616941           ,0.00867077
          57           ,1.30325           ,0.538417           ,0.00955131
          58           ,1.32632           ,0.480463           ,0.00805838
          59           ,1.34939           ,0.432686           ,0.00438035
          60           ,1.37245           ,0.40241           ,0.00246324
          61           ,1.39552           ,0.373817           ,0.00360481
          62           ,1.41859           ,0.362421           ,0.00475063
          63           ,1.44165           ,0.358243           ,0.00618106
          64           ,1.46472           ,0.361892           ,0.00825777
          65           ,1.48778           ,0.371998           ,0.00895983
          66           ,1.51085           ,0.39412           ,0.00914972
          67           ,1.53392           ,0.423376           ,0.00934411
          68           ,1.55698           ,0.46613           ,0.00753141
          69           ,1.58005           ,0.520752           ,0.00714327
          70           ,1.60312           ,0.586875           ,0.00541275
          71           ,1.62618           ,0.668312           ,0.00535488
          72           ,1.64925           ,0.756102           ,0.00528925
          73           ,1.67232           ,0.84819           ,0.00555911
          74           ,1.69538           ,0.949437           ,0.0071239
          75           ,1.71845           ,1.03971           ,0.00701899
          76           ,1.74152           ,1.12639           ,0.00970293
          77           ,1.76458           ,1.18967           ,0.0125963
          78           ,1.78765           ,1.24757           ,0.0153543
          79           ,1.81071           ,1.29042           ,0.015664
          80           ,1.83378           ,1.32825           ,0.0128104
          81           ,1.85685           ,1.35453           ,0.00923512
          82           ,1.87991           ,1.37403           ,0.0055012
          83           ,1.90298           ,1.39388           ,0.00779092
          84           ,1.92605           ,1.4071           ,0.0129561
          85           ,1.94911           ,1.42186           ,0.0188238
          86           ,1.97218           ,1.44357           ,0.0239399
          87           ,1.99525           ,1.46128           ,0.0277157
          88           ,2.01831           ,1.47093           ,0.0288373
          89           ,2.04138           ,1.45405           ,0.0289836
          90           ,2.06445           ,1.41708           ,0.0259414
          91           ,2.08751           ,1.34616           ,0.0199591
          92           ,2.11058           ,1.25056           ,0.0116531
          93           ,2.13364           ,1.14607           ,0.0033824
          94           ,2.15671           ,1.03548           ,0.005245
          95           ,2.17978           ,0.935968           ,0.011959
          96           ,2.20284           ,0.820771           ,0.0148818
          97           ,2.22591           ,0.734236           ,0.0162722
          98           ,2.24898           ,0.676101           ,0.0165466
          99           ,2.27204           ,0.628263           ,0.015504
         100           ,2.29511           ,0.592925           ,0.0144337
