0 0.250916 0.00118532
1 0.277278 0.171883
2 0.518548 0.19174
3 -0.00587661 0.178896
4 0.696477 0.161559
5 0.168477 0.2785
6 0.553856 0.142331
7 0.0968541 0.221232
8 0.496183 0.162558
9 0.2512 0.18192
10 0.471427 0.148231
11 0.279996 0.155533
12 0.272585 0.153788
13 0.238198 0.147022
14 0.153613 0.0936102
15 0.260541 0.116048
16 0.0191313 0.130058
17 0.452326 0.194345
18 0.193821 0.143026
19 0.289381 0.129598
20 0.192786 0.134719
21 0.499791 0.129638
22 0.342879 0.113293
23 0.22442 0.139266
24 0.174368 0.164402
25 0.191019 0.137714
26 0.0805527 0.140125
27 0.341078 0.105643
28 0.165503 0.154016
29 0.457048 0.157285
30 0.357646 0.0937798
31 0.0179257 0.152763
32 0.307054 0.144026
33 0.214206 0.117292
34 0.076377 0.126267
35 0.256889 0.174917
36 0.30466 0.100741
37 0.0798088 0.113256
38 0.42946 0.120364
39 0.254732 0.121058
40 0.15828 0.122329
41 0.400491 0.105054
42 0.380502 0.110714
43 0.29725 0.111676
44 0.511732 0.127077
45 0.221672 0.106638
46 0.353733 0.117646
47 0.280303 0.123695
48 0.258485 0.118207
49 0.169129 0.103954
50 0.188639 0.140663
51 0.085357 0.0944757
52 0.0213015 0.0894724
53 0.314178 0.136037
54 0.152547 0.0962849
55 0.074366 0.0937665
56 0.0933568 0.126968
57 0.230449 0.126921
58 0.114419 0.124565
59 0.193692 0.0986489
60 0.309692 0.105448
61 0.246335 0.121224
62 0.492399 0.136306
63 0.298561 0.106378
64 0.158582 0.11618
65 0.466904 0.101098
66 0.140205 0.116679
67 0.252556 0.12087
68 0.337903 0.120751
69 0.428038 0.132728
70 0.169803 0.0978024
71 0.208389 0.0997164
72 0.158263 0.109052
73 0.25706 0.0885361
74 0.217818 0.102638
75 0.266822 0.100982
76 0.266811 0.0905332
77 0.287091 0.120101
78 0.107747 0.105935
79 0.0185643 0.101369
80 0.145618 0.0975162
81 0.134608 0.109183
82 0.286416 0.0932053
83 0.165906 0.0967956
84 0.355415 0.0681242
85 0.332064 0.0858753
86 0.223042 0.105062
87 0.0837977 0.0872952
88 0.259287 0.0985483
89 0.225903 0.100773
90 0.205156 0.082505
91 0.171163 0.114666
92 0.206543 0.0869434
93 0.314046 0.129105
94 0.286847 0.0888503
95 0.200948 0.102034
96 0.216529 0.0666631
97 0.232481 0.10872
98 0.299994 0.0883058
99 0.365067 0.0882965
100 0.379458 0.0871062
101 0.423816 0.15963
102 0.0954495 0.118164
103 0.431155 0.0749048
104 0.243636 0.10782
105 0.166183 0.111177
106 0.195107 0.122664
107 0.312045 0.100425
108 0.295015 0.0748186
109 0.165866 0.0964764
110 0.219331 0.0821899
111 0.0220533 0.103146
112 0.229278 0.111243
113 0.126058 0.10279
114 0.284882 0.0836038
115 0.419484 0.12161
116 0.262364 0.146651
117 0.295018 0.0920349
118 0.424624 0.104688
119 0.377171 0.0971362
120 0.218551 0.105989
121 0.105767 0.0711718
122 0.280236 0.0982046
123 0.41319 0.0893166
124 0.285206 0.0601009
125 0.152817 0.0841036
126 0.422967 0.096868
127 0.181265 0.114524
128 0.266029 0.0610223
129 0.292463 0.101782
130 0.399377 0.106113
131 0.107405 0.0960544
132 0.252882 0.0751403
133 0.267345 0.0908203
134 0.397224 0.0925734
135 0.203466 0.0872652
136 0.447875 0.0861077
137 0.117518 0.109049
138 0.171143 0.0843833
139 0.198739 0.066212
140 0.346225 0.0786937
141 0.22071 0.062276
142 0.217833 0.0745289
143 -0.0118397 0.104896
144 0.277383 0.0749805
145 0.248609 0.0914501
146 0.0558948 0.0923045
147 0.338466 0.132227
148 0.162706 0.0943761
149 0.283473 0.103688
150 0.147456 0.0923987
151 0.000433584 0.0952799
152 0.258453 0.0906756
153 0.296289 0.0891517
154 0.186161 0.104106
155 0.197964 0.102091
156 0.117102 0.117443
157 0.132438 0.0843851
158 0.204288 0.0909104
159 0.331638 0.0692183
160 0.129403 0.0824316
161 0.181594 0.120248
162 0.204512 0.0625458
163 0.266562 0.128317
164 0.295915 0.0917811
165 0.244687 0.0716606
166 0.144248 0.103092
167 0.108192 0.0696601
168 0.160898 0.0899724
169 0.272949 0.111669
170 0.242489 0.0930931
171 0.137113 0.0842157
172 0.302104 0.0931713
173 0.24015 0.10033
174 0.261343 0.0671002
175 0.0893376 0.103922
176 0.235027 0.10266
177 0.200911 0.117492
178 0.213202 0.0812699
179 0.244027 0.0916373
180 0.406793 0.0934167
181 0.217677 0.100011
182 0.318174 0.0966291
183 0.269391 0.113996
184 0.134764 0.105237
185 0.524863 0.0913576
186 0.228397 0.117844
187 0.105448 0.0923628
188 0.173725 0.0865672
189 0.248271 0.101774
190 0.210199 0.102791
191 0.0997494 0.0790335
192 0.265833 0.13411
193 0.27077 0.0661228
194 0.166562 0.12355
195 0.173627 0.119328
196 0.108745 0.116338
197 0.255985 0.114797
198 0.434599 0.0768598
199 0.145959 0.110687
200 0.0961577 0.106415
201 0.145318 0.106076
202 0.281436 0.106629
203 0.458146 0.0877094
204 0.28543 0.0778721
205 0.219534 0.0834571
206 0.260445 0.0736074
207 0.164099 0.10537
208 0.142228 0.117639
209 0.501362 0.0963144
210 0.237211 0.113188
211 0.415907 0.102682
212 0.33959 0.0848574
213 0.0393306 0.0942435
214 0.374149 0.103193
215 0.210236 0.10486
216 0.433303 0.11695
217 0.628747 0.0926142
218 0.25945 0.140095
219 0.303868 0.112479
220 0.0904712 0.0891102
221 0.242582 0.106759
222 0.237066 0.0816029
223 0.0796995 0.137954
224 0.302237 0.0811139
225 0.20867 0.110649
226 0.283434 0.131013
227 0.148226 0.113952
228 0.219186 0.124992
229 0.136513 0.0968941
230 0.238344 0.136662
231 0.108075 0.113091
232 0.103574 0.108987
233 0.230172 0.112735
234 0.240875 0.101987
235 0.445612 0.111212
236 0.277923 0.0919261
237 0.317526 0.099765
238 0.257737 0.0861374
239 0.295671 0.0982463
240 0.2374 0.106687
241 0.293319 0.0743199
242 0.184748 0.140595
243 0.15296 0.127801
244 0.460056 0.0950982
245 0.169207 0.104336
246 0.313996 0.112334
247 0.0305074 0.123674
248 0.214998 0.106508
249 0.129923 0.11732
250 0.325703 0.109658
251 0.426623 0.12219
252 0.293171 0.0903322
253 0.311862 0.162663
254 0.126929 0.123204
255 0.0520024 0.15677
256 0.136332 0.110131
257 0.267918 0.107825
258 0.11332 0.144166
259 0.378507 0.110064
260 0.330419 0.135739
261 0.125469 0.156375
262 0.1058 0.152871
263 0.323883 0.135576
264 0.490419 0.164154
265 0.466184 0.100577
266 0.132455 0.105789
267 0.388773 0.115474
268 0.0860524 0.139182
269 0.194811 0.134104
270 0.27 0.124282
271 0.234238 0.142024
272 0.367547 0.126131
273 0.0546497 0.123581
274 0.164516 0.168446
275 0.377524 0.106291
276 0.627085 0.135835
277 0.507983 0.137211
278 0.151587 0.149446
279 0.459271 0.112987
280 0.326027 0.187146
281 0.196655 0.130176
282 0.271036 0.121245
283 0.218345 0.191079
284 0.147828 0.142018
285 0.150876 0.165045
286 0.564003 0.10597
287 0.246227 0.118705
288 0.498018 0.166401
289 0.308523 0.173896
290 0.289521 0.188242
291 0.501598 0.16638
292 0.216259 0.225944
293 0.209377 0.156471
294 0.0445003 0.178171
295 0.388227 0.194136
296 0.228083 0.152059
297 0.259436 0.172491
298 0.698702 0.276154
299 0.249315 0.00192744
