0.416024   0.351931   -0.229459
-0.398031   -0.458338   -0.227263
0.421949   -0.46731   -0.0798348
-0.386498   0.352891   -0.0553668
-0.225407   0.364535   -0.226739
-0.0628681   -0.474463   -0.228204
-0.215042   -0.451579   -0.0626342
-0.0611013   0.365021   -0.0528915
0.122125   0.362253   -0.225655
0.2648   -0.464896   -0.242359
0.104471   -0.48058   -0.0682487
0.258636   0.367572   -0.0558355
0.437371   -0.289815   -0.220174
-0.39884   -0.132552   -0.226929
0.449148   -0.131552   -0.0659132
-0.392879   -0.312075   -0.0666919
-0.226154   -0.29358   -0.239013
-0.0604327   -0.124321   -0.209202
-0.223309   -0.152832   -0.0667601
-0.044175   -0.300775   -0.0672421
0.100935   -0.296131   -0.232986
0.280863   -0.129221   -0.226434
0.109776   -0.114294   -0.0535391
0.260942   -0.284654   -0.0708818
0.442519   0.0269538   -0.213027
-0.390518   0.178522   -0.220652
0.424961   0.186386   -0.0480684
-0.380695   0.00669307   -0.0405058
-0.215812   0.0425164   -0.233219
-0.0468802   0.219858   -0.238319
-0.22305   0.215546   -0.0643633
-0.0608517   0.0441624   -0.0683486
0.107456   0.0292529   -0.235152
0.260825   0.18516   -0.215407
0.12225   0.204274   -0.0534386
0.276227   0.0235438   -0.0600023
0.460229   0.347796   0.102003
-0.400476   -0.472696   0.0843361
0.434077   -0.483396   0.273357
-0.401677   0.320329   0.264657
-0.233741   0.35794   0.109637
-0.07174   -0.482428   0.105388
-0.230874   -0.477922   0.278642
-0.0665674   0.352154   0.278917
0.107602   0.372493   0.122319
0.277241   -0.480511   0.0962773
0.0977484   -0.465635   0.273296
0.282378   0.357595   0.270361
0.424027   -0.317233   0.0930607
-0.400896   -0.144618   0.121167
0.4343   -0.136218   0.280611
-0.376787   -0.30557   0.278003
-0.237101   -0.313536   0.103036
-0.067538   -0.167081   0.115921
-0.223048   -0.139975   0.292512
-0.0770063   -0.314239   0.287962
0.0863127   -0.311763   0.0997144
0.271428   -0.136742   0.0953613
0.112052   -0.165117   0.255914
0.274486   -0.305727   0.290299
0.431687   0.00993062   0.0973297
-0.378769   0.178705   0.103637
0.440571   0.170171   0.279201
-0.385118   0.0134291   0.302445
-0.228313   -0.011309   0.112086
-0.0549352   0.164734   0.121813
-0.239642   0.166914   0.2812
-0.069603   0.026176   0.285456
0.0990099   0.0167759   0.117632
0.280857   0.206158   0.115563
0.111584   0.208344   0.260962
0.273344   0.0271557   0.246384
0.416517   0.337757   0.447402
-0.384626   0.497938   0.437043
0.442235   -0.473694   -0.386053
-0.412598   0.355563   -0.364059
-0.238953   0.362425   0.433114
-0.0566893   -0.459225   0.462087
-0.239462   -0.477421   -0.384239
-0.0724612   0.376137   -0.390719
0.0966355   0.362664   0.431068
0.268957   -0.494243   0.458884
0.108035   -0.4796   -0.39637
0.265776   0.342304   -0.392275
0.426776   -0.311359   0.443345
-0.391635   -0.162114   0.43996
0.443977   -0.134048   -0.386385
-0.397858   -0.291859   -0.388723
-0.219682   -0.311683   0.457243
-0.0582497   -0.139262   0.446639
-0.205593   -0.131816   -0.363021
-0.0677848   -0.303075   -0.39048
0.110521   -0.298809   0.439916
0.254512   -0.134563   0.437102
0.0909345   -0.130341   -0.376248
0.273762   -0.295918   -0.382369
0.43438   0.0239326   0.469614
-0.427594   0.185389   0.44746
0.416671   0.180544   -0.37696
-0.390529   0.0049303   -0.406116
-0.211693   0.0163784   0.442124
-0.0877997   0.200436   0.446869
-0.2503   0.19382   -0.400928
-0.0626043   0.0359801   -0.405081
0.0999499   0.0222441   0.420984
0.263107   0.178052   0.420515
0.0985218   0.198093   -0.40628
0.261913   0.0309256   -0.384183
