-0.167513   -0.0543244   -0.361801
-nan   -nan   -nan
0.210631   0.223771   -0.322934
-nan   -nan   -nan
-0.165486   -0.246598   0.231245
-0.354663   0.246192   -0.388577
-0.388135   -0.250167   0.325348
-0.0785483   0.240525   -0.0198576
0.405244   0.448734   -0.337334
-0.083884   -0.115858   0.112919
0.416661   0.404447   -0.0662744
-0.208749   -0.136008   0.0519834
0.245413   0.20029   -0.114586
0.080067   0.250501   0.285689
0.347958   -0.310366   0.0329115
0.217197   -0.177783   0.168612
-0.0984454   -0.112079   -0.457353
-0.428227   -0.306282   -0.160658
0.122672   -0.451775   0.187794
0.422546   0.385777   -0.347316
-0.273861   -0.466634   0.126742
-0.485681   0.176888   -0.350007
-0.414391   -0.046037   0.20976
-0.449212   0.349211   -0.359376
-nan   -nan   -nan
0.460854   -0.144594   0.333843
-0.291634   0.407978   0.122214
-0.129425   0.0118868   0.432412
0.255098   0.373556   -0.209429
-0.0743129   0.0163978   -0.272336
0.108752   0.196596   -0.00362986
0.492269   0.203697   -0.0715299
0.26546   0.458706   -0.454134
0.242823   0.486345   -0.0746778
-0.0427612   -0.153684   0.167983
-0.207378   0.444849   -0.404055
-0.494756   0.0186073   0.278939
0.443684   -0.0964264   -0.364155
0.349567   -0.0562468   -0.141549
-0.163302   -0.194951   -0.463117
0.34246   -0.33332   -0.259194
0.00397465   0.489687   0.0805715
-0.240602   -0.252011   -0.497325
0.0782465   0.365928   0.417923
-0.0668244   0.195646   0.271602
-0.24662   0.251969   -0.468095
-0.25048   -0.463974   0.0086145
-0.081816   0.205996   0.062017
-0.393545   -0.0542356   0.168746
0.363882   -0.205241   -0.32768
0.124668   0.0521303   -0.382778
-0.182911   0.0314676   0.0834084
-0.444441   0.276703   0.162221
0.0346208   -0.42956   0.114533
0.309046   -0.416633   -0.477265
0.194665   0.46021   0.168657
0.479958   0.109987   0.0906931
-nan   -nan   -nan
-0.0302861   -0.0608973   -0.0430398
-0.311159   -0.470562   0.48226
-0.367562   0.463235   -0.244421
0.459106   -0.0882704   0.232283
-0.220988   0.472099   0.0427256
-0.238836   -0.0223822   -0.469569
0.0824913   -0.130831   -0.00860641
-0.142241   -0.223591   -0.394271
-0.29483   -0.000424312   0.243907
0.310475   0.0322117   0.168947
0.0142092   0.490987   0.310975
0.133722   -0.493394   0.487189
-0.0275798   -0.0516619   0.389213
-0.152245   -0.0914419   0.144982
-0.185675   -0.175576   0.273205
0.199488   -0.0515578   0.347965
-0.172851   -0.140493   0.403424
0.474551   -0.0440899   0.111287
-0.331932   0.135868   0.447001
-0.13004   0.452582   -0.15985
-0.308868   0.156082   0.463736
0.116607   -0.493276   -0.32192
0.0853253   -0.0506776   -0.115968
0.277967   -0.218175   -0.174974
-nan   -nan   -nan
-0.259869   -0.0835729   0.386231
0.406483   0.469193   0.142273
0.395022   -0.154601   0.33237
-0.282738   -0.284737   -0.11863
0.151368   0.163028   0.09985
-0.353403   0.233466   -0.21989
0.470508   0.410145   -0.215197
-0.224611   -0.38849   -0.369968
-0.321361   0.361101   0.391957
0.208393   -0.277084   0.224754
-0.254387   0.216965   -0.272109
0.352398   0.443347   -0.33793
-0.255403   0.339894   0.361311
-0.352778   0.0561031   -0.135898
0.228843   -0.148492   0.203008
0.174184   -0.479652   -0.162018
-0.211993   -0.206257   -0.0126111
-nan   -nan   -nan
0.230786   -0.0888595   -0.0843646
0.341403   0.453512   0.161286
-0.412636   0.355659   -0.266919
0.135706   0.379996   0.0881668
0.391077   -0.0992127   0.124755
-0.343095   0.179407   -0.210784
-0.390798   -0.288706   -0.455534
