           1,0.0559739,0.000630234,6.30234e-05
           2,0.167922,0.000720268,7.20268e-05
           3,0.279869,0.000995107,9.95107e-05
           4,0.391817,0.000885735,8.85735e-05
           5,0.503765,0.000981512,9.81512e-05
           6,0.615712,0.000914186,9.14186e-05
           7,0.72766,0.000918058,9.18058e-05
           8,0.839608,0.000917382,9.17382e-05
           9,0.951556,0.00101941,0.000101941
          10,1.0635,0.000909305,9.09305e-05
          11,1.17545,0.000913935,9.13935e-05
          12,1.2874,0.000963607,9.63607e-05
          13,1.39935,0.000923179,9.23179e-05
          14,1.51129,0.000907906,9.07906e-05
          15,1.62324,0.000911892,9.11892e-05
          16,1.73519,0.000954529,9.54529e-05
          17,1.84714,0.000945737,9.45737e-05
          18,1.95908,0.000921006,9.21006e-05
          19,2.07103,0.000984319,9.84319e-05
          20,2.18298,0.000930162,9.30162e-05
          21,2.29493,0.000946601,9.46601e-05
          22,2.40688,0.000961936,9.61936e-05
          23,2.51882,0.000958421,9.58421e-05
          24,2.63077,0.000960375,9.60375e-05
          25,2.74272,0.000960923,9.60923e-05
          26,2.85467,0.00095262,9.5262e-05
          27,2.96661,0.000915589,9.15589e-05
          28,3.07856,0.000957434,9.57434e-05
          29,3.19051,0.000960997,9.60997e-05
          30,3.30246,0.000949575,9.49575e-05
          31,3.41441,0.000925819,9.25819e-05
          32,3.52635,0.000942282,9.42282e-05
          33,3.6383,0.000941871,9.41871e-05
          34,3.75025,0.000941889,9.41889e-05
          35,3.8622,0.000939439,9.39439e-05
          36,3.97414,0.0009346,9.346e-05
          37,4.08609,0.000961356,9.61356e-05
          38,4.19804,0.000950953,9.50953e-05
          39,4.30999,0.000949532,9.49532e-05
          40,4.42193,0.000953631,9.53631e-05
          41,4.53388,0.000939524,9.39524e-05
          42,4.64583,0.000950047,9.50047e-05
          43,4.75778,0.000953434,9.53434e-05
          44,4.86973,0.00094907,9.4907e-05
          45,4.98167,0.000954846,9.54846e-05
          46,5.09362,0.000956361,9.56361e-05
          47,5.20557,0.000966288,9.66288e-05
          48,5.31752,0.000938601,9.38601e-05
          49,5.42946,0.00093977,9.3977e-05
          50,5.54141,0.000950195,9.50195e-05
          51,5.65336,0.000943004,9.43004e-05
          52,5.76531,0.000935015,9.35015e-05
          53,5.87725,0.000932814,9.32814e-05
          54,5.9892,0.000941865,9.41865e-05
          55,6.10115,0.000953025,9.53025e-05
          56,6.2131,0.000961753,9.61753e-05
          57,6.32505,0.000944463,9.44463e-05
          58,6.43699,0.000945574,9.45574e-05
          59,6.54894,0.000917391,9.17391e-05
          60,6.66089,0.00087192,8.7192e-05
          61,6.77284,0.000816016,8.16016e-05
          62,6.88478,0.00078864,7.8864e-05
          63,6.99673,0.000724025,7.24025e-05
          64,7.10868,0.00069494,6.9494e-05
          65,7.22063,0.000645837,6.45837e-05
          66,7.33258,0.000601345,6.01345e-05
          67,7.44452,0.000570902,5.70902e-05
          68,7.55647,0.000533825,5.33825e-05
          69,7.66842,0.000501206,5.01206e-05
          70,7.78037,0.000467011,4.67011e-05
          71,7.89231,0.000428877,4.28877e-05
          72,8.00426,0.00040513,4.0513e-05
          73,8.11621,0.000366454,3.66454e-05
          74,8.22816,0.000340335,3.40335e-05
          75,8.3401,0.000305711,3.05711e-05
          76,8.45205,0.000283847,2.83847e-05
          77,8.564,0.000245819,2.45819e-05
          78,8.67595,0.000224302,2.24302e-05
          79,8.7879,0.000200999,2.00999e-05
          80,8.89984,0.000172541,1.72541e-05
          81,9.01179,0.000144648,1.44648e-05
          82,9.12374,0.000118823,1.18823e-05
          83,9.23569,9.6546e-05,9.6546e-06
          84,9.34763,8.20446e-05,8.20446e-06
          85,9.45958,6.66981e-05,6.66981e-06
          86,9.57153,5.70145e-05,5.70145e-06
          87,9.68348,4.68598e-05,4.68598e-06
          88,9.79542,3.95663e-05,3.95663e-06
          89,9.90737,3.14889e-05,3.14889e-06
          90,10.0193,2.64619e-05,2.64619e-06
          91,10.1313,1.96219e-05,1.96219e-06
          92,10.2432,1.5005e-05,1.5005e-06
          93,10.3552,1.11222e-05,1.11222e-06
          94,10.4671,7.8578e-06,7.8578e-07
          95,10.5791,5.8575e-06,5.8575e-07
          96,10.691,3.98489e-06,3.98489e-07
          97,10.803,2.16568e-06,2.16568e-07
          98,10.9149,1.01654e-06,1.01654e-07
          99,11.0268,2.16523e-07,2.16523e-08
         100,11.1388,1.27316e-07,1.27316e-08
