1.34158e+07
0.984198
119061
9.48365e+07
15182.5
29947.7
20544.8
85.8913
77.2858
13.1294
9520.72
154.146
1.11319e+08
70985.9
0.438629
4745.95
8.48662e+06
62.1877
2669.43
1.80759e+06
37665.8
51373.9
224.251
8204.51
9687.17
20791.7
32067.2
2442.02
4657.84
70657
5.43729e+06
4.70753e+06
1.65728e+06
579.663
390.809
32.0292
71.8677
14281.4
3.22651
3643.11
11821.3
348.714
519.793
745.689
90828
3.21439e+07
32579.1
141859
283.349
22001.3
4053.49
12743.6
830.343
279000
16120.2
3203.83
682913
2.0271e+06
519.194
1464.52
415.257
13296.1
186471
2214.77
55.453
156.87
-nan
267.378
16.5382
116727
1044.24
1088.38
3384.77
12.7658
1144.35
724.348
4062.11
6278.45
42.4008
196400
60.8778
741852
983.744
9111.74
2067.8
9.78842e+09
1.50502e+06
184.777
553.806
7972.23
1190.52
1533.7
274.002
154.924
2.32727e+07
8926.21
22.3246
13407.6
410743
544.921
