0.834723
0.896739
0.9693
1.04131
1.10753
1.16547
1.21263
1.24606
1.26358
1.265
1.25243
1.2292
1.19794
1.15938
1.11304
1.05968
1.00414
0.95593
0.926055
0.92086
0.938944
0.974435
1.02143
1.07462
1.12859
1.17829
1.22026
1.25303
1.27648
1.29108
1.2974
1.29596
1.28743
1.27306
1.2551
1.23674
1.22159
1.21242
1.20963
1.21033
1.20897
1.19895
1.17559
1.13932
1.09793
1.06427
1.04817
1.04897
1.05838
1.0695
1.08094
1.09484
1.11352
1.13757
1.16538
1.19362
1.21799
1.23449
1.24089
1.23707
1.22386
1.20158
1.1704
1.13215
1.09177
1.05601
1.02999
1.01483
1.00852
1.00861
1.01405
1.02508
1.04177
1.06224
1.08244
1.09793
1.10607
1.10717
1.10348
1.09756
1.09124
1.0858
1.08241
1.0818
1.08379
1.08754
1.09242
1.09854
1.10623
1.11527
1.12453
1.13292
1.14051
1.14895
1.16002
1.17313
1.18443
1.18866
1.18167
1.16167
1.12948
1.08863
1.04532
1.00754
0.982472
0.973295
0.97866
0.994657
1.01676
1.04069
1.06333
1.083
1.09918
1.11189
1.12163
1.12942
1.13653
1.14351
1.14955
1.15314
1.15306
1.14896
1.14051
1.12668
1.10617
1.07885
1.04693
1.01483
0.988134
0.971804
0.968617
0.978286
0.997783
1.0231
1.05082
1.07829
1.10297
1.12225
1.1338
1.13677
1.13274
1.12523
1.11784
1.11267
1.10996
1.10933
1.11094
1.11621
1.12753
1.14623
1.17036
1.19429
1.21068
1.21424
1.20446
1.18521
1.16183
1.13902
1.12049
1.10882
1.10516
1.10897
1.11834
1.13068
1.14325
1.15362
1.15977
1.16006
1.15306
1.13758
1.11349
1.08287
1.05073
1.02464
1.01197
1.01579
1.03291
1.05622
1.07849
1.09438
1.10117
1.09922
1.09203
1.08482
1.08171
1.08369
1.08885
1.09465
1.09973
1.10425
1.10941
1.11667
1.12673
1.13843
1.14858
1.15328
1.15049
1.14171
1.13136
1.1238
1.12024
1.11888
1.1181
1.11885
1.1238
1.13465
1.15028
1.16707
1.18015
1.18447
1.1767
1.15815
1.13675
1.12375
1.12383
1.13101
1.13583
1.13348
1.12544
1.11693
1.1122
1.11086
1.10886
1.10253
1.09179
1.08039
1.07371
1.07568
1.08702
1.10537
1.12628
1.14458
1.15573
1.15692
1.14761
1.12925
1.10457
1.0771
1.05103
1.03115
1.02238
1.02839
1.04969
1.08242
1.11909
1.15148
1.17339
1.18178
1.17642
1.15938
1.1353
1.11135
1.09541
1.09239
1.10206
1.12024
1.14093
1.15792
1.16622
1.16311
1.14789
1.12114
1.08542
1.04798
1.02199
1.02008
1.04357
1.08174
1.121
1.15149
1.16767
1.16699
1.14956
1.11859
1.081
1.04662
1.02569
1.02546
1.04774
1.08801
1.13735
1.18591
1.22592
1.25253
1.26378
1.26024
1.2448
1.22203
1.19668
1.17175
1.14819
1.12676
1.1098
1.10082
1.1015
1.10942
1.11929
1.12665
1.13061
1.13354
1.13831
1.14605
1.15605
1.16656
1.17532
1.17996
1.17898
1.17244
1.16215
1.15068
1.13996
1.13053
1.12171
1.11234
1.1015
1.08931
1.07692
1.06601
1.05779
1.05252
1.04997
1.05061
1.05631
1.06962
1.09111
1.11721
1.14071
1.15423
1.15355
1.13909
1.11541
1.08939
1.06832
1.05806
1.06155
1.07794
1.10322
1.1325
1.16197
1.18878
1.20911
1.21775
1.21104
1.19017
1.16167
1.13385
1.11149
1.09354
1.07642
1.05856
1.04145
1.02779
1.01956
1.01753
1.02187
1.03322
1.05326
1.08301
1.11988
1.15664
1.18409
1.19499
1.18689
1.16327
1.13247
1.10493
1.08877
1.08657
1.09524
1.10873
1.12144
1.12986
1.13241
1.1291
1.1212
1.11106
1.10176
1.09649
1.09796
1.10755
1.12467
1.14694
1.17049
1.19038
1.20133
1.19957
1.18478
1.16092
1.135
1.11389
1.10124
1.09649
1.09575
1.0939
1.08714
1.07389
1.0546
1.03154
1.00931
0.99451
0.992684
1.00434
1.02533
1.05025
1.07392
1.09176
1.10138
1.10358
1.10174
1.10016
1.10218
1.1088
1.11817
1.12641
1.12945
1.125
1.11375
1.09918
1.08607
1.07906
1.0812
1.09289
1.11139
1.13162
1.14806
1.15665
1.15579
1.14634
1.13078
1.11225
1.09447
1.08178
1.07805
1.08414
1.09684
1.11022
1.11836
1.11765
1.10757
1.09066
1.07219
1.0589
1.05572
1.06266
1.07548
1.08934
1.10138
1.11142
1.12152
1.13473
1.1528
1.17403
1.19358
1.20638
1.21016
1.206
1.19714
1.18753
1.18091
1.17991
1.18477
1.1921
1.19573
1.18948
1.17047
1.14064
1.10555
1.07191
1.04525
1.02909
1.02444
1.02972
1.04218
1.05972
1.08173
1.10802
1.13725
1.16671
1.19329
1.21469
1.22977
1.23805
1.23898
1.23139
1.21379
1.18515
1.14667
1.10333
1.06381
1.03703
1.02705
1.03107
1.04232
1.05406
1.06178
1.06423
1.06357
1.06329
1.06507
1.06834
1.07246
1.07785
1.08484
1.09245
1.09841
1.10023
1.09661
1.08822
1.0774
1.06704
1.05967
1.05714
1.06065
1.07067
1.08653
1.10654
1.12861
1.1508
1.17085
1.18572
1.19167
1.18561
1.16657
1.13675
1.10075
1.06427
1.03291
1.01148
1.00306
1.00776
1.02203
1.0399
1.05586
1.06723
1.07458
1.08046
1.08734
1.09637
1.10754
1.12038
1.13425
1.14792
1.15918
1.1652
1.1639
1.15527
1.14206
1.1292
1.12157
1.12122
1.12626
1.13207
1.13377
1.12889
1.11869
1.10717
1.09839
1.09495
1.09826
1.10851
1.12404
1.14163
1.15793
1.1705
1.17839
1.18215
1.18351
1.18428
1.18512
1.18503
1.18204
1.17447
1.16161
1.14419
1.1249
1.10862
1.10092
1.10542
1.12162
1.14539
1.17125
1.19384
1.20834
1.21066
1.19849
1.17318
1.14068
1.10978
1.08797
1.0783
1.08
1.091
1.10964
1.13405
1.161
1.18549
1.20219
1.2072
1.19927
1.17998
1.15331
1.12499
1.10136
1.08764
1.08638
1.09647
1.11331
1.13018
1.14072
1.14125
1.1316
1.11414
1.09262
1.07148
1.05529
1.04739
1.04837
1.05575
1.06559
1.07459
1.08103
1.08419
1.08339
1.07792
1.06859
1.05966
1.05831
1.07001
1.09418
1.12547
1.15785
1.18668
1.20881
1.22213
1.22549
1.21854
1.20209
1.17847
1.1516
1.12601
1.10505
1.08973
1.07886
1.07031
1.06223
1.05444
1.04967
1.05288
1.06698
1.0887
1.11049
1.12559
1.1307
1.12553
1.11224
1.09501
1.0791
1.06918
1.06783
1.07515
1.08954
1.10873
1.1304
1.15241
1.17302
1.19062
1.20345
1.20929
1.20593
1.19215
1.16955
1.14379
1.12304
1.11322
1.11459
1.12346
1.13569
1.14814
1.15836
1.16405
1.16276
1.15227
1.13199
1.1048
1.07743
1.05782
1.05175
1.06072
1.08199
1.11002
1.13828
1.16122
1.17548
1.18024
1.17669
1.16755
1.15648
1.14694
1.14097
1.13798
1.1353
1.13027
1.12253
1.11465
1.11084
1.1139
1.12336
1.13599
1.14827
1.15798
1.16424
1.16668
1.16552
1.16276
1.16165
1.16317
1.1639
1.1593
1.14799
1.1318
1.11324
1.09491
1.08069
1.0755
1.08275
1.10189
1.12829
1.15526
1.17647
1.18801
1.18896
1.18075
1.16578
1.1467
1.12647
1.1086
1.09674
1.09358
1.09902
1.10952
1.1193
1.12319
1.11817
1.10348
1.08064
1.05392
1.02998
1.01563
1.01495
1.02755
1.04976
1.07728
1.10755
1.13937
1.17094
1.19882
1.21898
1.22854
1.22646
1.21302
1.18991
1.16078
1.13082
1.10496
1.08559
1.07293
1.06718
1.06944
1.08033
1.09787
1.11735
1.13332
1.14209
1.14323
1.13943
1.13473
1.1325
1.13452
1.14079
1.14992
1.15984
1.16831
1.17295
1.17141
1.16188
1.14447
1.12182
1.09805
1.07701
1.06112
1.05102
1.04583
1.04373
1.04332
1.04506
1.05159
1.06582
1.08758
1.11226
1.13323
1.14554
1.14788
1.14214
1.13189
1.12104
1.11254
1.10787
1.10686
1.10779
1.10795
1.10437
1.09542
1.08198
1.06711
1.05391
1.04435
1.03976
1.04134
1.05087
1.06998
1.09836
1.13243
1.16662
1.19607
1.21817
1.2322
1.23852
1.23752
1.2292
1.21346
1.1908
1.1635
1.13588
1.11295
1.09821
1.09187
1.09085
1.09054
1.08696
1.07884
1.06781
1.05649
1.0459
1.03557
1.02578
1.01903
1.0184
1.02459
1.03536
1.04715
1.05759
1.06666
1.07638
1.0894
1.10715
1.12807
1.14756
1.16013
1.16209
1.15288
1.13516
1.1139
1.0946
1.08073
1.07224
1.0664
1.05992
1.05068
1.03843
1.02506
1.01437
1.01089
1.01785
1.03576
1.0623
1.09321
1.12343
1.14855
1.16594
1.17501
1.17656
1.17217
1.16374
1.15367
1.14383
1.1344
1.1243
1.11305
1.10192
1.0931
1.08807
1.08641
1.08597
1.08449
1.08125
1.07712
1.07335
1.07001
1.06575
1.05924
1.05074
1.04204
1.03474
1.02956
1.02677
1.02653
1.02834
1.03104
1.03436
1.04014
1.05117
1.06823
1.08894
1.10954
1.12695
1.13896
1.1437
1.14008
1.12872
1.11247
1.09584
1.0834
1.07756
1.07799
1.08315
1.09148
1.10094
1.1091
1.11456
1.11729
1.11741
1.11456
1.10829
1.09908
1.08914
1.08249
1.08338
1.0939
1.11266
1.13565
1.15791
1.17495
1.18353
1.18243
1.17306
1.15943
1.14671
1.13906
1.13742
1.13907
1.13925
1.1341
1.12234
1.10536
1.08617
1.06783
1.05279
1.04287
1.03967
1.04431
1.05615
1.07132
1.08401
1.09025
1.09087
1.09035
1.09273
1.09869
1.10661
1.11529
1.12515
1.13716
1.15113
1.16455
1.17336
1.17475
1.16932
1.16063
1.15242
1.14598
1.14016
1.1328
1.12237
1.10853
1.09209
1.07544
1.06232
1.05679
1.06162
1.07731
1.10156
1.12959
1.15524
1.17271
1.17848
1.17293
1.15971
1.1427
1.12371
1.10281
