1.25208
1.34511
1.45395
1.56197
1.66129
1.74821
1.81894
1.86909
1.89538
1.89749
1.87865
1.8438
1.79691
1.73907
1.66956
1.58952
1.50621
1.4339
1.38908
1.38129
1.40842
1.46165
1.53215
1.61193
1.69288
1.76743
1.8304
1.87954
1.91472
1.93661
1.9461
1.94393
1.93114
1.90959
1.88264
1.85511
1.83239
1.81863
1.81444
1.8155
1.81346
1.79843
1.76339
1.70898
1.64689
1.59641
1.57225
1.57345
1.58757
1.60424
1.6214
1.64225
1.67028
1.70635
1.74806
1.79044
1.82699
1.85174
1.86133
1.85561
1.83579
1.80238
1.75561
1.69823
1.63766
1.58402
1.54498
1.52224
1.51278
1.51291
1.52108
1.53763
1.56265
1.59335
1.62366
1.64689
1.65911
1.66075
1.65522
1.64634
1.63686
1.6287
1.62362
1.6227
1.62569
1.63131
1.63863
1.64782
1.65935
1.6729
1.6868
1.69938
1.71077
1.72342
1.74003
1.75969
1.77665
1.78299
1.7725
1.74251
1.69422
1.63294
1.56797
1.51132
1.47371
1.45994
1.46799
1.49199
1.52513
1.56104
1.59499
1.62449
1.64877
1.66784
1.68245
1.69413
1.7048
1.71527
1.72433
1.7297
1.72959
1.72345
1.71077
1.69002
1.65925
1.61828
1.57039
1.52225
1.4822
1.45771
1.45293
1.46743
1.49667
1.53466
1.57622
1.61743
1.65446
1.68338
1.7007
1.70516
1.69911
1.68784
1.67676
1.669
1.66494
1.664
1.6664
1.67431
1.6913
1.71934
1.75555
1.79144
1.81602
1.82137
1.80669
1.77781
1.74274
1.70853
1.68073
1.66323
1.65775
1.66345
1.67751
1.69602
1.71487
1.73043
1.73965
1.74009
1.72958
1.70636
1.67023
1.62431
1.5761
1.53696
1.51795
1.52368
1.54937
1.58433
1.61774
1.64157
1.65176
1.64883
1.63805
1.62723
1.62256
1.62553
1.63327
1.64198
1.64959
1.65637
1.66412
1.675
1.69009
1.70765
1.72286
1.72991
1.72574
1.71256
1.69704
1.6857
1.68036
1.67832
1.67715
1.67827
1.68569
1.70198
1.72541
1.7506
1.77022
1.7767
1.76504
1.73723
1.70513
1.68562
1.68574
1.69651
1.70375
1.70022
1.68816
1.67539
1.66829
1.66628
1.6633
1.6538
1.63768
1.62059
1.61056
1.61352
1.63053
1.65806
1.68942
1.71687
1.73359
1.73538
1.72142
1.69387
1.65686
1.61565
1.57654
1.54672
1.53357
1.54259
1.57454
1.62363
1.67864
1.72723
1.76009
1.77267
1.76463
1.73908
1.70294
1.66703
1.64312
1.63859
1.65309
1.68037
1.71139
1.73688
1.74932
1.74466
1.72184
1.68171
1.62813
1.57197
1.53299
1.53011
1.56536
1.62261
1.6815
1.72724
1.7515
1.75049
1.72434
1.67788
1.6215
1.56993
1.53853
1.5382
1.57161
1.63201
1.70602
1.77886
1.83887
1.87879
1.89567
1.89036
1.8672
1.83305
1.79502
1.75762
1.72229
1.69013
1.6647
1.65124
1.65225
1.66412
1.67893
1.68997
1.69591
1.70032
1.70747
1.71908
1.73407
1.74985
1.76298
1.76993
1.76847
1.75866
1.74322
1.72601
1.70994
1.69579
1.68256
1.6685
1.65225
1.63397
1.61539
1.59901
1.58669
1.57878
1.57495
1.57592
1.58447
1.60443
1.63666
1.67581
1.71106
1.73134
1.73033
1.70864
1.67311
1.63408
1.60248
1.58709
1.59233
1.61691
1.65483
1.69875
1.74295
1.78318
1.81367
1.82663
1.81655
1.78526
1.74251
1.70078
1.66723
1.64031
1.61463
1.58784
1.56218
1.54168
1.52934
1.5263
1.5328
1.54983
1.57989
1.62451
1.67982
1.73496
1.77614
1.79248
1.78034
1.7449
1.6987
1.65739
1.63316
1.62985
1.64285
1.66309
1.68217
1.69479
1.69862
1.69365
1.6818
1.6666
1.65264
1.64474
1.64695
1.66132
1.687
1.7204
1.75574
1.78557
1.80199
1.79935
1.77716
1.74137
1.7025
1.67084
1.65186
1.64473
1.64362
1.64084
1.63071
1.61084
1.58189
1.54731
1.51397
1.49176
1.48903
1.50651
1.538
1.57537
1.61088
1.63764
1.65207
1.65537
1.65261
1.65024
1.65327
1.6632
1.67725
1.68962
1.69418
1.6875
1.67062
1.64877
1.6291
1.61858
1.6218
1.63934
1.66709
1.69743
1.7221
1.73497
1.73369
1.71951
1.69617
1.66838
1.6417
1.62267
1.61708
1.62621
1.64527
1.66532
1.67754
1.67647
1.66135
1.63599
1.60828
1.58835
1.58358
1.594
1.61322
1.634
1.65207
1.66713
1.68228
1.70209
1.7292
1.76105
1.79037
1.80957
1.81524
1.809
1.79571
1.7813
1.77136
1.76986
1.77715
1.78815
1.79359
1.78422
1.75571
1.71095
1.65832
1.60787
1.56788
1.54363
1.53665
1.54458
1.56327
1.58959
1.62259
1.66203
1.70588
1.75007
1.78993
1.82204
1.84466
1.85708
1.85847
1.84709
1.82068
1.77773
1.72
1.65499
1.59571
1.55554
1.54057
1.54661
1.56348
1.58109
1.59267
1.59635
1.59535
1.59493
1.59761
1.60251
1.60868
1.61677
1.62727
1.63868
1.64761
1.65034
1.64491
1.63233
1.6161
1.60057
1.58951
1.58571
1.59097
1.60601
1.6298
1.65981
1.69292
1.72619
1.75627
1.77858
1.78751
1.77841
1.74985
1.70512
1.65113
1.5964
1.54936
1.51722
1.50459
1.51164
1.53304
1.55984
1.58379
1.60084
1.61187
1.62069
1.63101
1.64455
1.66132
1.68057
1.70138
1.72189
1.73877
1.7478
1.74586
1.73291
1.71309
1.69381
1.68236
1.68184
1.68938
1.6981
1.70066
1.69333
1.67803
1.66076
1.64758
1.64242
1.64739
1.66277
1.68606
1.71245
1.73689
1.75575
1.76758
1.77323
1.77527
1.77642
1.77768
1.77754
1.77306
1.7617
1.74242
1.71628
1.68736
1.66293
1.65139
1.65813
1.68242
1.71808
1.75688
1.79076
1.81251
1.81599
1.79773
1.75977
1.71102
1.66467
1.63196
1.61746
1.62
1.6365
1.66445
1.70108
1.7415
1.77824
1.80328
1.8108
1.79891
1.76997
1.72997
1.68749
1.65203
1.63145
1.62957
1.64471
1.66997
1.69527
1.71108
1.71187
1.6974
1.67121
1.63893
1.60722
1.58293
1.57108
1.57256
1.58363
1.59838
1.61189
1.62155
1.62628
1.62508
1.61688
1.60288
1.58949
1.58746
1.60501
1.64128
1.6882
1.73677
1.78002
1.81321
1.8332
1.83823
1.82781
1.80314
1.7677
1.72739
1.68901
1.65757
1.63459
1.61829
1.60546
1.59335
1.58165
1.5745
1.57932
1.60048
1.63305
1.66573
1.68839
1.69605
1.6883
1.66836
1.64252
1.61865
1.60377
1.60175
1.61273
1.63431
1.66309
1.6956
1.72862
1.75953
1.78593
1.80517
1.81393
1.80889
1.78822
1.75432
1.71569
1.68456
1.66983
1.67188
1.68519
1.70353
1.72221
1.73754
1.74607
1.74415
1.72841
1.69798
1.6572
1.61614
1.58673
1.57762
1.59107
1.62298
1.66504
1.70743
1.74183
1.76322
1.77037
1.76504
1.75133
1.73472
1.72041
1.71145
1.70697
1.70295
1.69541
1.68379
1.67198
1.66625
1.67084
1.68504
1.70399
1.72241
1.73697
1.74636
1.75002
1.74828
1.74414
1.74248
1.74475
1.74586
1.73895
1.72198
1.6977
1.66986
1.64236
1.62104
1.61325
1.62412
1.65283
1.69244
1.73289
1.7647
1.78202
1.78345
1.77112
1.74867
1.72006
1.6897
1.66289
1.64511
1.64036
1.64853
1.66428
1.67895
1.68478
1.67726
1.65521
1.62096
1.58088
1.54497
1.52345
1.52242
1.54133
1.57464
1.61592
1.66133
1.70905
1.7564
1.79823
1.82848
1.84281
1.83969
1.81953
1.78486
1.74116
1.69624
1.65744
1.62839
1.6094
1.60077
1.60417
1.6205
1.64681
1.67602
1.69999
1.71313
1.71484
1.70915
1.70209
1.69875
1.70179
1.71118
1.72488
1.73976
1.75246
1.75943
1.75711
1.74281
1.7167
1.68274
1.64708
1.61551
1.59168
1.57653
1.56874
1.5656
1.56498
1.56759
1.57738
1.59872
1.63137
1.6684
1.69985
1.7183
1.72182
1.71321
1.69784
1.68156
1.6688
1.66181
1.66029
1.66169
1.66192
1.65656
1.64313
1.62297
1.60066
1.58086
1.56653
1.55963
1.56201
1.57631
1.60497
1.64753
1.69864
1.74993
1.79411
1.82725
1.8483
1.85778
1.85627
1.8438
1.82019
1.7862
1.74525
1.70382
1.66942
1.64731
1.6378
1.63628
1.63582
1.63044
1.61825
1.60171
1.58474
1.56886
1.55336
1.53867
1.52855
1.5276
1.53689
1.55304
1.57073
1.58638
1.59999
1.61457
1.6341
1.66073
1.6921
1.72133
1.7402
1.74313
1.72931
1.70274
1.67085
1.64189
1.62109
1.60836
1.5996
1.58988
1.57602
1.55764
1.53758
1.52155
1.51634
1.52678
1.55363
1.59345
1.63981
1.68515
1.72283
1.74891
1.76251
1.76484
1.75825
1.74561
1.73051
1.71574
1.7016
1.68645
1.66958
1.65289
1.63965
1.63211
1.62961
1.62895
1.62674
1.62187
1.61569
1.61003
1.60502
1.59862
1.58885
1.57611
1.56306
1.55211
1.54435
1.54016
1.5398
1.54252
1.54656
1.55153
1.5602
1.57676
1.60234
1.63342
1.66431
1.69042
1.70844
1.71555
1.71012
1.69308
1.6687
1.64376
1.62509
1.61634
1.61698
1.62472
1.63722
1.65141
1.66365
1.67184
1.67593
1.67612
1.67184
1.66243
1.64861
1.6337
1.62373
1.62507
1.64085
1.66899
1.70347
1.73687
1.76243
1.77529
1.77364
1.75959
1.73914
1.72007
1.70859
1.70612
1.7086
1.70888
1.70115
1.68351
1.65804
1.62925
1.60174
1.57918
1.56431
1.5595
1.56647
1.58423
1.60698
1.62602
1.63537
1.6363
1.63552
1.63909
1.64803
1.65992
1.67294
1.68772
1.70574
1.72669
1.74682
1.76004
1.76212
1.75397
1.74095
1.72863
1.71897
1.71024
1.69921
1.68356
1.6628
1.63813
1.61316
1.59348
1.58519
1.59243
1.61596
1.65234
1.69439
1.73286
1.75907
1.76772
1.75939
1.73956
1.71406
1.68556
1.65422
