-3.65336
-3.65143
-3.65273
-3.65079
-3.6508
-3.65242
-3.65145
-3.65178
-3.64951
-3.65209
-3.6508
-3.65144
-3.64982
-3.64918
-3.64918
-3.64853
-3.64884
-3.64851
-3.64915
-3.6485
-3.64818
-3.64949
-3.65208
-3.65273
-3.65209
-3.65306
-3.65306
-3.65274
-3.65403
-3.65339
-3.65436
-3.65209
-3.65306
-3.65435
-3.65306
-3.65467
-3.65305
-3.65402
-3.6537
-3.65695
-3.65857
-3.6576
-3.65599
-3.65468
-3.65273
-3.65207
-3.65596
-3.65532
-3.65694
-3.65662
-3.65758
-3.65823
-3.65758
-3.65661
-3.65694
-3.65532
-3.65694
-3.65403
-3.65339
-3.65274
-3.65015
-3.65048
-3.65242
-3.655
-3.65597
-3.65596
-3.65402
-3.65661
-3.65694
-3.65596
-3.65596
-3.65467
-3.65532
-3.65629
-3.655
-3.65436
-3.65533
-3.6537
-3.65403
-3.65305
-3.65305
-3.65111
-3.65014
-3.65143
-3.65111
-3.65241
-3.6537
-3.6537
-3.65209
-3.6537
-3.65338
-3.65338
-3.65532
-3.65435
-3.65629
-3.65533
-3.65598
-3.65566
-3.65566
-3.6563
-3.65565
-3.655
-3.65305
-3.65337
-3.65239
-3.65239
-3.65207
-3.64884
-3.64754
-3.64722
-3.6469
-3.64884
-3.65046
-3.65208
-3.65305
-3.65175
-3.65369
-3.65337
-3.65402
-3.65337
-3.65499
-3.65337
-3.65175
-3.65272
-3.65337
-3.65143
-3.65239
-3.65271
-3.654
-3.65368
-3.65173
-3.65141
-3.65303
-3.65368
-3.65466
-3.65693
-3.65596
-3.65596
-3.65564
-3.65434
-3.65401
-3.65304
-3.6511
-3.65045
-3.64948
-3.65175
-3.65401
-3.65401
-3.65497
-3.65821
-3.65919
-3.65888
-3.65727
-3.65824
-3.65824
-3.65758
-3.65725
-3.65531
-3.65433
-3.65368
-3.65336
-3.65531
-3.65305
-3.65111
-3.6524
-3.65532
-3.65532
-3.65565
-3.65371
-3.65403
-3.65467
-3.65176
-3.65272
-3.65206
-3.65497
-3.65465
-3.65434
-3.65499
-3.6537
-3.65402
-3.65176
-3.65305
-3.65369
-3.65466
-3.65595
-3.65757
-3.65855
-3.65855
-3.6579
-3.65854
-3.65693
-3.65595
-3.65628
-3.65661
-3.65726
-3.65597
-3.65596
-3.65758
-3.65757
-3.65822
-3.65855
-3.65952
-3.65952
-3.65887
-3.65951
-3.6579
-3.65758
-3.65629
-3.65403
-3.65176
-3.65338
-3.65079
-3.6498
-3.64915
-3.65013
-3.64917
-3.64917
-3.64982
-3.64981
-3.6511
-3.65143
-3.64884
-3.64982
-3.64917
-3.64787
-3.64786
-3.64851
-3.64915
-3.64689
-3.64624
-3.64754
-3.6482
-3.64755
-3.64787
-3.64917
-3.64917
-3.64787
-3.64884
-3.64851
-3.64883
-3.64818
-3.64915
-3.64818
-3.64916
-3.65078
-3.65079
-3.65371
-3.65533
-3.65436
-3.65532
-3.65564
-3.65434
-3.65401
-3.65498
-3.65758
-3.65758
-3.6592
-3.65856
-3.65856
-3.65792
-3.65662
-3.6563
-3.65499
-3.65498
-3.654
-3.654
-3.65465
-3.65564
-3.655
-3.65338
-3.65436
-3.65241
-3.65079
-3.65305
-3.65175
-3.65206
-3.65141
-3.6514
-3.64947
-3.65271
-3.6524
-3.6537
-3.65176
-3.65273
-3.65241
-3.65306
-3.65435
-3.65402
-3.65175
-3.65337
-3.65499
-3.65596
-3.65564
-3.65628
-3.65531
-3.655
-3.65403
-3.65598
-3.655
-3.65532
-3.65403
-3.65274
-3.65436
-3.65436
-3.6576
-3.65922
-3.65857
-3.65566
-3.65727
-3.6563
-3.65565
-3.65565
-3.65598
-3.65825
-3.65922
-3.65857
-3.65468
-3.65468
-3.65371
-3.65371
-3.65145
-3.65144
-3.65209
-3.65371
-3.65306
-3.65534
-3.65534
-3.65567
-3.65729
-3.65988
-3.66084
-3.65922
-3.65759
-3.65855
-3.6605
-3.66148
-3.65986
-3.66116
-3.66214
-3.65987
-3.6602
-3.65956
-3.65826
-3.6589
-3.65598
-3.65694
-3.65759
-3.65663
-3.65631
-3.65274
-3.65177
-3.6508
-3.64918
-3.64918
-3.64788
-3.64723
-3.64852
-3.64464
-3.64594
-3.64854
-3.6492
-3.64887
-3.65114
-3.65307
-3.65274
-3.65532
-3.65273
-3.65111
-3.65177
-3.65242
-3.65112
-3.65113
-3.65113
-3.6521
-3.65209
-3.65209
-3.65047
-3.64885
-3.64852
-3.64917
-3.6482
-3.65015
-3.64983
-3.64886
-3.64822
-3.64822
-3.64951
-3.64983
-3.64885
-3.6482
-3.64917
-3.65015
-3.64886
-3.64854
-3.64951
-3.64821
-3.64789
-3.64627
-3.64788
-3.65014
-3.64982
-3.64949
-3.65047
-3.65015
-3.65048
-3.6508
-3.64983
-3.65112
-3.6495
-3.64885
-3.64917
-3.65047
-3.65015
-3.65144
-3.6521
-3.65371
-3.655
-3.65597
-3.65629
-3.655
-3.65499
-3.65726
-3.65597
-3.655
-3.65533
-3.65533
-3.65598
-3.65468
-3.65565
-3.65661
-3.65531
-3.65563
-3.65531
-3.65628
-3.65597
-3.65727
-3.65889
-3.65792
-3.65501
-3.655
-3.65564
-3.65596
-3.65402
-3.6537
-3.65338
-3.65274
-3.65468
-3.65436
-3.65306
-3.65402
-3.65403
-3.65241
-3.65403
-3.65371
-3.65566
-3.65759
-3.65856
-3.65856
-3.66212
-3.66082
-3.65985
-3.65986
-3.65986
-3.66149
-3.66116
-3.66181
-3.66342
-3.66471
-3.66309
-3.66212
-3.66082
-3.65921
-3.65921
-3.65759
-3.65759
-3.65759
-3.65727
-3.65662
-3.65501
-3.6563
-3.65728
-3.65598
-3.65436
-3.65404
-3.65436
-3.65501
-3.65598
-3.65791
-3.65693
-3.65661
-3.65661
-3.65629
-3.65727
-3.65566
-3.65404
-3.65339
-3.65144
-3.65112
-3.65112
-3.65047
-3.64918
-3.64788
-3.6495
-3.6495
-3.65177
-3.65339
-3.65371
-3.65403
-3.655
-3.65306
-3.65338
-3.65435
-3.65371
-3.65273
-3.65079
-3.65144
-3.65047
-3.6508
-3.65048
-3.64984
-3.6534
-3.65113
-3.65048
-3.65016
-3.65112
-3.65015
-3.65079
-3.65403
-3.65532
-3.655
-3.65371
-3.65307
-3.65307
-3.65242
-3.65404
-3.65274
-3.65242
-3.65307
-3.65242
-3.65372
-3.6534
-3.65275
-3.65308
-3.65535
-3.65664
-3.65697
-3.65729
-3.65825
-3.6589
-3.65858
-3.65891
-3.65859
-3.65859
-3.65989
-3.66183
-3.65826
-3.65955
-3.65826
-3.65729
-3.65502
-3.65405
-3.65438
-3.65374
-3.65665
-3.65762
-3.65956
-3.65956
-3.65794
-3.65762
-3.65632
-3.65762
-3.65827
-3.65503
-3.656
-3.65665
-3.65599
-3.65405
-3.65308
-3.65179
-3.65276
-3.6518
-3.65147
-3.65115
-3.65213
-3.65148
-3.65342
-3.65308
-3.65308
-3.65178
-3.65178
-3.65243
-3.65275
-3.65308
-3.65244
-3.65277
-3.65277
-3.65472
-3.65439
-3.65439
-3.65374
-3.65373
-3.65599
-3.65567
-3.65566
-3.65663
-3.65729
-3.65665
-3.65568
-3.65471
-3.65536
-3.65665
-3.65471
-3.65438
-3.65729
-3.65566
-3.65631
-3.65404
-3.65243
-3.65373
-3.65502
-3.65632
-3.65729
-3.65762
-3.65632
-3.65567
-3.65436
-3.65274
-3.65404
-3.65307
-3.65308
-3.6479
-3.64758
-3.64499
-3.64596
-3.64855
-3.64984
-3.64822
-3.6466
-3.64627
-3.64595
-3.64335
-3.64433
-3.6453
-3.64401
-3.64466
-3.64433
-3.64562
-3.64659
-3.64757
-3.64596
-3.6479
-3.64758
-3.64953
-3.64823
-3.64758
-3.64887
-3.65048
-3.65145
-3.65016
-3.64951
-3.64886
-3.64757
-3.64854
-3.64822
-3.64693
-3.64693
-3.64726
-3.64693
-3.64823
-3.64758
-3.64725
-3.65016
-3.65015
-3.65048
-3.64918
-3.64919
-3.64984
-3.64855
-3.6479
-3.64791
-3.65018
-3.65018
-3.65017
-3.64919
-3.64951
-3.64886
-3.64918
-3.65015
-3.64984
-3.64758
-3.64693
-3.64855
-3.64856
-3.64888
-3.64887
-3.64822
-3.64951
-3.64951
-3.64822
-3.65016
-3.65114
-3.65049
-3.65017
-3.65113
-3.64854
-3.64951
-3.6479
-3.64822
-3.64855
-3.64985
-3.65082
-3.65114
-3.65147
-3.65211
-3.65308
-3.65179
-3.6505
-3.65115
-3.65018
-3.64888
-3.64985
-3.64984
-3.64854
-3.64757
-3.64822
-3.64887
-3.64984
-3.64985
-3.65115
-3.65244
-3.65406
-3.65502
-3.65405
-3.65179
-3.65081
-3.65307
-3.65469
-3.65566
-3.65632
-3.65761
-3.65859
-3.65892
-3.65924
-3.65536
-3.65503
-3.6547
-3.65404
-3.65501
-3.65437
-3.6534
-3.65405
-3.65438
-3.65438
-3.65503
-3.65503
-3.65568
-3.65504
-3.65504
-3.65342
-3.65245
-3.65244
-3.65276
-3.65405
-3.65632
-3.65567
-3.65761
-3.65729
-3.65502
-3.65308
-3.6547
-3.65341
-3.65277
-3.65374
-3.65212
-3.65244
-3.65147
-3.65146
-3.65016
-3.65114
-3.65211
-3.65146
-3.65211
-3.65308
-3.65211
-3.65276
-3.65244
-3.65017
-3.65081
-3.6521
-3.6534
-3.65178
-3.65081
-3.65081
-3.65049
-3.65081
-3.65113
-3.65113
-3.65146
-3.6492
-3.65017
-3.6505
-3.65341
-3.64984
-3.64854
-3.64983
-3.64724
-3.64724
-3.64692
-3.64822
-3.64757
-3.6479
-3.64822
-3.64887
-3.65081
-3.65048
-3.65242
-3.65242
-3.65047
-3.65015
-3.6508
-3.64951
-3.65113
-3.65211
-3.65146
-3.65081
-3.65081
-3.65146
-3.65405
-3.65405
-3.6547
-3.65502
-3.6547
-3.65598
-3.65371
-3.65242
-3.65275
-3.65502
-3.65567
-3.65405
-3.65211
-3.65275
-3.65405
-3.6534
-3.65372
-3.65469
-3.65307
-3.65339
-3.65307
-3.65308
-3.65114
-3.65081
-3.6534
-3.65243
-3.6534
-3.65469
-3.65405
-3.65373
-3.65244
-3.65406
-3.6573
-3.65924
-3.6602
-3.65793
-3.65567
-3.65567
-3.6547
-3.65405
-3.65503
-3.65535
-3.65437
-3.65437
-3.65404
-3.6521
-3.65113
-3.65405
-3.65438
-3.65471
-3.65212
-3.65147
-3.65147
-3.65179
-3.65308
-3.65373
-3.65567
-3.65437
-3.6534
-3.65146
-3.65081
-3.65081
-3.65113
-3.65275
-3.65243
-3.65081
-3.64984
-3.64855
-3.65017
-3.64887
-3.64855
-3.65114
-3.64855
-3.64985
-3.65082
-3.65179
-3.65243
-3.65243
-3.65114
-3.65146
-3.64952
-3.65049
-3.65049
-3.65016
-3.64725
-3.64887
-3.64985
-3.6492
-3.64888
-3.65115
-3.64823
-3.64855
-3.64725
-3.64693
-3.64498
-3.64369
-3.64401
-3.64596
-3.64628
-3.64693
-3.64661
-3.64628
-3.64726
-3.64467
-3.64369
-3.64272
-3.64369
-3.64336
-3.64336
-3.64271
-3.64207
-3.64174
-3.6424
-3.64402
-3.64467
-3.64468
-3.64662
-3.64823
-3.64952
-3.65146
-3.65114
-3.65179
-3.6505
-3.64985
-3.65115
-3.65115
-3.65082
-3.64984
-3.64919
-3.64822
-3.64887
-3.6479
-3.65016
-3.65179
-3.65276
-3.65277
-3.65212
-3.65017
-3.65178
-3.65275
-3.65017
-3.64919
-3.64919
-3.6466
-3.6466
-3.6479
-3.65017
-3.6492
-3.65147
-3.65147
-3.65243
-3.65243
-3.65179
-3.65147
-3.65309
-3.65082
-3.65082
-3.6492
-3.65049
-3.64983
-3.65113
-3.65274
-3.65145
-3.65146
-3.65276
-3.65244
-3.65277
-3.65438
-3.65244
-3.65114
-3.65146
-3.65049
-3.64952
