           1    -5.47501    -5.47501           0
           2    -5.47007    -5.47254   0.0024701
           3    -5.46116    -5.46875  0.00405026
           4    -5.47174    -5.46949  0.00295992
           5    -5.46767    -5.46913  0.00232153
           6    -5.45106    -5.46612  0.00355801
           7    -5.46606    -5.46611  0.00300708
           8    -5.46046     -5.4654  0.00269837
           9    -5.47615     -5.4666  0.00266277
          10    -5.45032    -5.46497  0.00288505
          11     -5.4705    -5.46547  0.00265756
          12    -5.46409    -5.46536  0.00242873
          13     -5.4639    -5.46524  0.00223693
          14    -5.45887    -5.46479  0.00212044
          15    -5.47013    -5.46515  0.00200584
          16    -5.45919    -5.46477  0.00191281
          17    -5.46703    -5.46491  0.00180167
          18    -5.46489    -5.46491  0.00169863
          19    -5.46727    -5.46503  0.00161155
          20    -5.46069    -5.46481  0.00154419
          21    -5.45791    -5.46448  0.00150515
          22    -5.47048    -5.46476  0.00146076
          23    -5.46614    -5.46482   0.0013971
          24    -5.46557    -5.46485  0.00133799
          25    -5.47183    -5.46513   0.0013134
          26    -5.47036    -5.46533  0.00127781
          27    -5.46613    -5.46536  0.00122994
          28    -5.45912    -5.46514  0.00120598
          29    -5.46603    -5.46517  0.00116406
          30    -5.46174    -5.46505  0.00113037
          31    -5.47292    -5.46531  0.00112237
          32    -5.46141    -5.46518  0.00109352
          33    -5.46568     -5.4652  0.00105998
          34    -5.45551    -5.46491  0.00106705
          35    -5.46079     -5.4648   0.0010428
          36    -5.46965    -5.46493  0.00102235
          37    -5.45559    -5.46468   0.0010259
          38    -5.45736    -5.46449  0.00101695
          39    -5.46561    -5.46452  0.00099095
          40    -5.46053    -5.46442 0.000970977
          41    -5.45262    -5.46413 0.000989761
          42    -5.46685    -5.46419 0.000968079
          43     -5.4581    -5.46405 0.000955873
          44    -5.46788    -5.46414 0.000937946
          45    -5.46749    -5.46421 0.000919884
          46    -5.46027    -5.46413 0.000903735
          47    -5.45998    -5.46404 0.000888688
          48    -5.45607    -5.46387 0.000885691
          49    -5.45879    -5.46377 0.000873616
          50    -5.46582    -5.46381 0.000856946
          51    -5.45487    -5.46363 0.000858083
          52    -5.46228    -5.46361 0.000841821
          53    -5.45498    -5.46345 0.000841692
          54    -5.46372    -5.46345 0.000825973
          55    -5.45924    -5.46337  0.00081442
          56    -5.45881    -5.46329 0.000803878
          57    -5.45624    -5.46317 0.000799279
          58     -5.4692    -5.46327 0.000792226
          59    -5.45807    -5.46318 0.000783665
          60    -5.46197    -5.46316 0.000770759
          61    -5.45967    -5.46311 0.000760174
          62    -5.46021    -5.46306 0.000749271
          63    -5.47058    -5.46318 0.000746881
          64    -5.46438     -5.4632 0.000735356
          65    -5.45141    -5.46302  0.00074631
          66    -5.46016    -5.46297 0.000736188
          67    -5.46276    -5.46297 0.000725124
          68    -5.47492    -5.46315 0.000735692
          69      -5.468    -5.46322 0.000728351
          70    -5.44775      -5.463 0.000751096
          71    -5.46405    -5.46301  0.00074059
          72    -5.46898    -5.46309 0.000734922
          73    -5.46502    -5.46312 0.000725267
          74    -5.44636    -5.46289 0.000750379
          75    -5.46899    -5.46297 0.000744758
          76    -5.47177    -5.46309  0.00074395
          77    -5.46588    -5.46313 0.000735122
          78    -5.46138     -5.4631 0.000725981
          79    -5.46655    -5.46315 0.000718055
          80    -5.46793    -5.46321 0.000711538
          81    -5.47203    -5.46332 0.000711095
          82    -5.48105    -5.46353  0.00073492
          83    -5.43937    -5.46324 0.000782198
          84    -5.45873    -5.46319  0.00077469
          85    -5.45012    -5.46303 0.000780812
          86    -5.46646    -5.46307 0.000772704
          87     -5.4619    -5.46306  0.00076389
          88    -5.46758    -5.46311 0.000756903
          89    -5.46089    -5.46309 0.000748767
          90    -5.46374    -5.46309 0.000740436
          91    -5.47198    -5.46319 0.000738733
          92    -5.45835    -5.46314 0.000732553
          93    -5.46973    -5.46321 0.000728091
          94    -5.46571    -5.46324 0.000720793
          95    -5.44953    -5.46309 0.000727606
          96    -5.48184    -5.46329 0.000746002
          97    -5.44879    -5.46314 0.000753249
          98     -5.4648    -5.46316 0.000745715
          99    -5.45518    -5.46307 0.000742528
         100    -5.45227    -5.46297 0.000742957
