           1      1.3513      1.3513           0
           2     1.37571     1.36351   0.0122013
           3     1.42203     1.38301   0.0207396
           4     1.35564     1.37617    0.016183
           5     1.37479     1.37589   0.0125383
           6     1.45481     1.38905    0.016667
           7     1.41131     1.39223   0.0144407
           8     1.41966     1.39566   0.0129678
           9     1.33732     1.38917   0.0131459
          10     1.46918     1.39717   0.0142219
          11     1.37508     1.39517   0.0130201
          12     1.41038     1.39643   0.0119531
          13     1.41466     1.39784   0.0110843
          14     1.42341     1.39966   0.0104234
          15      1.3583     1.39691   0.0100878
          16     1.42656     1.39876  0.00961653
          17     1.38887     1.39818  0.00905185
          18      1.3953     1.39802  0.00853566
          19      1.3782     1.39697  0.00814103
          20     1.40427     1.39734  0.00773186
          21     1.42527     1.39867   0.0074738
          22     1.37489     1.39759  0.00720752
          23     1.39857     1.39763  0.00688716
          24     1.39852     1.39767  0.00659405
          25     1.35288     1.39588  0.00657363
          26     1.35485      1.3943  0.00650989
          27     1.39312     1.39425  0.00626429
          28     1.42718     1.39543  0.00614987
          29     1.39591     1.39545  0.00593404
          30     1.41474     1.39609   0.0057688
          31     1.35581     1.39479   0.0057289
          32     1.37988     1.39432  0.00556653
          33     1.38957     1.39418  0.00539713
          34     1.44914      1.3958  0.00547981
          35     1.41234     1.39627   0.0053419
          36     1.37888     1.39579  0.00521384
          37     1.45641     1.39743  0.00532911
          38     1.41515     1.39789   0.0052079
          39     1.39035      1.3977  0.00507629
          40     1.42769     1.39845  0.00500425
          41      1.4728     1.40026  0.00520665
          42     1.39007     1.40002  0.00508696
          43     1.44103     1.40097  0.00505797
          44     1.37893     1.40047  0.00496701
          45     1.42764     1.40108  0.00489277
          46     1.40616     1.40119   0.0047865
          47     1.42402     1.40167  0.00470869
          48     1.43382     1.40234  0.00465794
          49     1.41103     1.40252  0.00456534
          50     1.37832     1.40203  0.00449921
          51     1.44925     1.40296  0.00450625
          52     1.41854     1.40326  0.00442889
          53     1.44868     1.40412  0.00442823
          54     1.41642     1.40434  0.00435142
          55     1.42101     1.40465  0.00428231
          56     1.41776     1.40488  0.00421165
          57     1.43277     1.40537  0.00416593
          58     1.35477      1.4045  0.00418539
          59     1.43274     1.40498   0.0041416
          60     1.41477     1.40514  0.00407526
          61     1.40254      1.4051  0.00400812
          62       1.419     1.40532  0.00394931
          63     1.37348     1.40482  0.00391885
          64     1.39644     1.40469  0.00385936
          65     1.49461     1.40607  0.00404355
          66     1.41413     1.40619  0.00398369
          67      1.4073     1.40621  0.00392381
          68     1.34158     1.40526   0.0039808
          69     1.36912     1.40473  0.00395749
          70     1.46754     1.40563  0.00400242
          71     1.38671     1.40536  0.00395463
          72     1.37428     1.40493  0.00392314
          73     1.40454     1.40493  0.00386903
          74     1.49662     1.40617  0.00401252
          75     1.37616     1.40577  0.00397883
          76     1.37888     1.40541  0.00394204
          77     1.37195     1.40498   0.0039147
          78     1.41551     1.40511  0.00386655
          79     1.39165     1.40494  0.00382109
          80     1.38547      1.4047  0.00378087
          81     1.37066     1.40428  0.00375748
          82     1.31732     1.40322  0.00385991
          83     1.54187     1.40489  0.00416296
          84      1.4241     1.40512  0.00411946
          85     1.44136     1.40554  0.00409297
          86     1.37398     1.40518  0.00406172
          87     1.41153     1.40525  0.00401542
          88     1.40186     1.40521  0.00396972
          89     1.42688     1.40546   0.0039324
          90     1.40347     1.40543  0.00388853
          91     1.36253     1.40496  0.00387435
          92     1.42979     1.40523  0.00384149
          93     1.37513     1.40491  0.00381372
          94     1.38617     1.40471  0.00377819
          95     1.44968     1.40518  0.00376806
          96     1.31271     1.40422  0.00385102
          97     1.46982      1.4049  0.00387066
          98     1.40535      1.4049  0.00383096
          99     1.45345     1.40539  0.00382365
         100      1.4395     1.40573  0.00380056
