           1           ,0.0128248           ,0           ,0
           2           ,0.0384745           ,0           ,0
           3           ,0.0641241           ,0           ,0
           4           ,0.0897737           ,0           ,0
           5           ,0.115423           ,0           ,0
           6           ,0.141073           ,0           ,0
           7           ,0.166723           ,0           ,0
           8           ,0.192372           ,0           ,0
           9           ,0.218022           ,0           ,0
          10           ,0.243672           ,0           ,0
          11           ,0.269321           ,0           ,0
          12           ,0.294971           ,0           ,0
          13           ,0.32062           ,0           ,0
          14           ,0.34627           ,0           ,0
          15           ,0.37192           ,0           ,0
          16           ,0.397569           ,0           ,0
          17           ,0.423219           ,0           ,0
          18           ,0.448869           ,0           ,0
          19           ,0.474518           ,0           ,0
          20           ,0.500168           ,0           ,0
          21           ,0.525818           ,0           ,0
          22           ,0.551467           ,0           ,0
          23           ,0.577117           ,0           ,0
          24           ,0.602767           ,0           ,0
          25           ,0.628416           ,0           ,0
          26           ,0.654066           ,0           ,0
          27           ,0.679715           ,0           ,0
          28           ,0.705365           ,0           ,0
          29           ,0.731015           ,0           ,0
          30           ,0.756664           ,0           ,0
          31           ,0.782314           ,0           ,0
          32           ,0.807964           ,0           ,0
          33           ,0.833613           ,0           ,0
          34           ,0.859263           ,1.36166e-05           ,2.30494e-06
          35           ,0.884913           ,0.00124481           ,2.35669e-05
          36           ,0.910562           ,0.0243074           ,0.000106998
          37           ,0.936212           ,0.165906           ,0.000364061
          38           ,0.961861           ,0.565178           ,0.00069776
          39           ,0.987511           ,1.20377           ,0.00117807
          40           ,1.01316           ,1.86464           ,0.00126378
          41           ,1.03881           ,2.33901           ,0.00102026
          42           ,1.06446           ,2.55502           ,0.000899131
          43           ,1.09011           ,2.54904           ,0.000957774
          44           ,1.11576           ,2.40736           ,0.000984812
          45           ,1.14141           ,2.19829           ,0.000993884
          46           ,1.16706           ,1.9711           ,0.000904858
          47           ,1.19271           ,1.75398           ,0.000892978
          48           ,1.21836           ,1.5575           ,0.000876729
          49           ,1.24401           ,1.38816           ,0.000744293
          50           ,1.26966           ,1.24375           ,0.000671016
          51           ,1.29531           ,1.12338           ,0.000671733
          52           ,1.32096           ,1.02297           ,0.000568836
          53           ,1.34661           ,0.940782           ,0.000520714
          54           ,1.37226           ,0.872823           ,0.000507018
          55           ,1.39791           ,0.817614           ,0.000484429
          56           ,1.42355           ,0.772765           ,0.000441456
          57           ,1.4492           ,0.738587           ,0.000406223
          58           ,1.47485           ,0.711603           ,0.000414243
          59           ,1.5005           ,0.691787           ,0.000454464
          60           ,1.52615           ,0.678663           ,0.000471616
          61           ,1.5518           ,0.671906           ,0.000496563
          62           ,1.57745           ,0.670114           ,0.000459407
          63           ,1.6031           ,0.675661           ,0.000461093
          64           ,1.62875           ,0.686199           ,0.000442409
          65           ,1.6544           ,0.702066           ,0.000475028
          66           ,1.68005           ,0.723342           ,0.000479533
          67           ,1.7057           ,0.749919           ,0.000461526
          68           ,1.73135           ,0.780505           ,0.00047789
          69           ,1.757           ,0.815577           ,0.000413139
          70           ,1.78265           ,0.853809           ,0.000418361
          71           ,1.8083           ,0.893805           ,0.000496894
          72           ,1.83395           ,0.936049           ,0.000496697
          73           ,1.8596           ,0.977482           ,0.000529039
          74           ,1.88525           ,1.01888           ,0.00050661
          75           ,1.9109           ,1.059           ,0.000515314
          76           ,1.93655           ,1.09604           ,0.000482402
          77           ,1.9622           ,1.13101           ,0.00049628
          78           ,1.98785           ,1.16094           ,0.000445179
          79           ,2.0135           ,1.18617           ,0.000380758
          80           ,2.03915           ,1.20392           ,0.000473816
          81           ,2.0648           ,1.21435           ,0.000452087
          82           ,2.09045           ,1.21546           ,0.000474616
          83           ,2.1161           ,1.20856           ,0.000378566
          84           ,2.14174           ,1.19509           ,0.000393376
          85           ,2.16739           ,1.17493           ,0.000438456
          86           ,2.19304           ,1.15051           ,0.000441213
          87           ,2.21869           ,1.12315           ,0.000412942
          88           ,2.24434           ,1.09468           ,0.000429106
          89           ,2.26999           ,1.06648           ,0.000440043
          90           ,2.29564           ,1.0385           ,0.000407366
          91           ,2.32129           ,1.01153           ,0.000376494
          92           ,2.34694           ,0.987665           ,0.000368341
          93           ,2.37259           ,0.965396           ,0.000404481
          94           ,2.39824           ,0.947326           ,0.000354725
          95           ,2.42389           ,0.931034           ,0.000342342
          96           ,2.44954           ,0.918228           ,0.000325581
          97           ,2.47519           ,0.908233           ,0.000381069
          98           ,2.50084           ,0.894672           ,0.000374404
          99           ,2.52649           ,0.885999           ,0.000380077
         100           ,2.55214           ,0.885352           ,0.000348533
