-4.90544
-4.99654
-5.10668
-5.21277
-5.31209
-5.40063
-5.47039
-5.52087
-5.54489
-5.54959
-5.52945
-5.49524
-5.44673
-5.38824
-5.31873
-5.23805
-5.15506
-5.0824
-5.03823
-5.02979
-5.0566
-5.11114
-5.18423
-5.26466
-5.34497
-5.42049
-5.48346
-5.53228
-5.56876
-5.59
-5.60046
-5.59602
-5.5842
-5.56394
-5.5357
-5.50978
-5.48544
-5.47266
-5.46815
-5.47244
-5.47203
-5.45603
-5.41938
-5.36366
-5.29962
-5.24848
-5.22821
-5.22877
-5.24451
-5.26086
-5.27899
-5.30048
-5.32786
-5.36296
-5.405
-5.44576
-5.48393
-5.50577
-5.51472
-5.50835
-5.48594
-5.45285
-5.40802
-5.35323
-5.29363
-5.23998
-5.199
-5.17885
-5.16971
-5.16888
-5.17704
-5.19229
-5.21797
-5.24964
-5.27866
-5.30125
-5.31443
-5.31445
-5.30925
-5.2994
-5.28991
-5.27981
-5.27376
-5.27413
-5.2768
-5.28372
-5.29233
-5.30152
-5.31143
-5.3266
-5.34018
-5.35276
-5.36609
-5.37777
-5.39632
-5.41501
-5.43263
-5.43865
-5.42816
-5.39881
-5.34987
-5.28794
-5.22102
-5.16468
-5.1261
-5.11233
-5.12006
-5.14082
-5.17268
-5.20826
-5.24189
-5.27334
-5.29923
-5.31992
-5.3355
-5.34588
-5.35849
-5.36864
-5.37835
-5.38307
-5.38457
-5.37682
-5.36252
-5.34274
-5.31262
-5.2697
-5.22278
-5.17496
-5.1362
-5.11138
-5.10466
-5.11884
-5.14971
-5.18834
-5.23088
-5.27436
-5.31042
-5.33934
-5.35633
-5.3595
-5.35312
-5.34088
-5.32786
-5.31945
-5.31441
-5.31574
-5.32041
-5.32832
-5.34628
-5.37755
-5.41474
-5.45031
-5.47328
-5.47961
-5.46492
-5.43539
-5.39999
-5.36384
-5.33507
-5.31691
-5.31111
-5.31876
-5.33055
-5.34712
-5.36727
-5.38575
-5.39497
-5.39574
-5.38329
-5.36039
-5.32491
-5.27606
-5.22882
-5.18902
-5.17293
-5.17833
-5.20371
-5.23932
-5.27143
-5.29559
-5.30352
-5.30188
-5.29174
-5.2819
-5.27851
-5.28311
-5.29182
-5.30053
-5.30749
-5.31492
-5.32104
-5.33095
-5.34637
-5.36426
-5.38012
-5.38588
-5.3817
-5.37014
-5.35462
-5.34392
-5.3389
-5.33784
-5.33667
-5.33714
-5.34521
-5.35988
-5.38299
-5.40689
-5.42425
-5.42846
-5.41843
-5.38801
-5.35493
-5.33477
-5.33587
-5.34568
-5.35292
-5.35004
-5.33798
-5.32649
-5.31972
-5.31512
-5.31311
-5.30297
-5.28555
-5.26845
-5.25907
-5.26267
-5.27742
-5.3043
-5.33696
-5.36507
-5.38114
-5.38326
-5.37059
-5.34304
-5.30473
-5.26448
-5.22505
-5.19555
-5.18174
-5.19173
-5.22272
-5.27279
-5.32942
-5.37802
-5.4138
-5.428
-5.41899
-5.3944
-5.35858
-5.32136
-5.29713
-5.29357
-5.31067
-5.33795
-5.3706
-5.39545
-5.40788
-5.40258
-5.37846
-5.338
-5.28312
-5.22695
-5.18699
-5.18411
-5.22001
-5.27825
-5.3365
-5.38062
-5.40586
-5.40291
-5.37513
-5.33093
-5.27324
-5.22199
-5.18993
-5.1896
-5.22108
-5.28473
-5.35842
-5.43256
-5.49064
-5.53153
-5.54808
-5.54341
-5.52155
-5.48707
-5.44677
-5.41099
-5.37728
-5.34609
-5.32034
-5.30752
-5.30756
-5.31912
-5.33296
-5.34594
-5.35091
-5.35564
-5.3615
-5.37181
-5.38843
-5.40421
-5.42058
-5.42915
-5.42704
-5.41431
-5.40049
-5.38231
-5.36559
-5.35144
-5.33854
-5.32675
-5.31147
-5.29253
-5.27007
-5.2537
-5.2404
-5.23249
-5.2264
-5.22736
-5.23656
-5.25814
-5.28972
-5.33115
-5.3664
-5.38701
-5.38762
-5.36852
-5.33395
-5.2933
-5.26007
-5.24565
-5.25283
-5.27839
-5.3147
-5.35991
-5.40508
-5.44305
-5.47387
-5.48619
-5.47481
-5.44416
-5.39849
-5.35772
-5.32483
-5.29694
-5.27094
-5.24058
-5.21395
-5.19248
-5.17851
-5.17547
-5.18068
-5.19706
-5.22841
-5.26915
-5.32576
-5.3835
-5.42533
-5.44136
-5.43147
-5.39797
-5.35144
-5.31271
-5.28589
-5.28097
-5.29462
-5.31551
-5.33329
-5.34591
-5.34974
-5.34574
-5.33389
-5.31869
-5.30311
-5.29359
-5.29547
-5.31049
-5.3352
-5.37055
-5.40557
-5.43443
-5.45021
-5.44757
-5.42668
-5.3912
-5.35135
-5.31904
-5.30103
-5.29488
-5.29248
-5.28938
-5.28022
-5.25906
-5.22978
-5.19358
-5.16185
-5.14191
-5.13884
-5.156
-5.18847
-5.22552
-5.26136
-5.28844
-5.3019
-5.30649
-5.30211
-5.29909
-5.30244
-5.31366
-5.32739
-5.34107
-5.34627
-5.34122
-5.32563
-5.30474
-5.28539
-5.27358
-5.27679
-5.2966
-5.32306
-5.35244
-5.37743
-5.39031
-5.38967
-5.37419
-5.35182
-5.325
-5.29701
-5.2783
-5.27238
-5.28249
-5.30123
-5.32259
-5.33643
-5.33439
-5.31635
-5.29099
-5.26393
-5.24431
-5.2376
-5.2477
-5.26661
-5.28674
-5.30675
-5.32149
-5.33534
-5.35611
-5.38322
-5.41346
-5.4444
-5.46329
-5.4709
-5.46659
-5.45427
-5.43986
-5.43347
-5.43068
-5.437
-5.44801
-5.45346
-5.4457
-5.41687
-5.37276
-5.32174
-5.27257
-5.23097
-5.20575
-5.19748
-5.20379
-5.22248
-5.24718
-5.28018
-5.31962
-5.36315
-5.40669
-5.44494
-5.47834
-5.50193
-5.51306
-5.51283
-5.50113
-5.47504
-5.43274
-5.37598
-5.3129
-5.25265
-5.21215
-5.19718
-5.20291
-5.22075
-5.23674
-5.24671
-5.24974
-5.24679
-5.24605
-5.24873
-5.25298
-5.25786
-5.26465
-5.27677
-5.28818
-5.29938
-5.30373
-5.29863
-5.28636
-5.2711
-5.25362
-5.24289
-5.24007
-5.24468
-5.25874
-5.28059
-5.31125
-5.34339
-5.37699
-5.40675
-5.42841
-5.44091
-5.42955
-5.40034
-5.35528
-5.30225
-5.24655
-5.20015
-5.17125
-5.15991
-5.16664
-5.18675
-5.21291
-5.23686
-5.25327
-5.26591
-5.27343
-5.28343
-5.29762
-5.31374
-5.33429
-5.35477
-5.37464
-5.39185
-5.40315
-5.4025
-5.38988
-5.37038
-5.35206
-5.34126
-5.34042
-5.34829
-5.35669
-5.35925
-5.35322
-5.33986
-5.31902
-5.30713
-5.30068
-5.30468
-5.31779
-5.34011
-5.36683
-5.39063
-5.41241
-5.4252
-5.43279
-5.43483
-5.43436
-5.4353
-5.43386
-5.43068
-5.41997
-5.39745
-5.37229
-5.344
-5.31893
-5.30543
-5.31121
-5.33421
-5.37085
-5.40868
-5.44224
-5.46367
-5.46812
-5.44921
-5.41318
-5.3641
-5.31775
-5.28374
-5.26923
-5.27243
-5.28925
-5.31753
-5.35352
-5.39427
-5.43101
-5.458
-5.4652
-5.4533
-5.42371
-5.38371
-5.34349
-5.3077
-5.28712
-5.2862
-5.302
-5.32662
-5.35095
-5.36579
-5.36723
-5.35405
-5.32592
-5.29331
-5.26451
-5.23859
-5.22739
-5.22661
-5.23606
-5.2521
-5.26691
-5.27787
-5.28357
-5.2827
-5.2732
-5.25855
-5.24385
-5.24021
-5.25905
-5.29434
-5.34127
-5.38467
-5.4276
-5.4582
-5.47915
-5.48678
-5.47765
-5.45136
-5.4143
-5.37367
-5.33495
-5.30092
-5.27892
-5.26359
-5.24947
-5.23801
-5.22599
-5.22012
-5.22591
-5.24804
-5.27901
-5.31363
-5.33597
-5.34558
-5.33653
-5.31594
-5.29139
-5.26913
-5.25522
-5.25191
-5.26224
-5.28317
-5.31066
-5.34414
-5.37684
-5.40645
-5.43287
-5.45243
-5.46087
-5.45712
-5.43581
-5.40158
-5.36585
-5.33472
-5.3203
-5.32107
-5.33438
-5.35337
-5.37076
-5.38545
-5.39398
-5.39432
-5.37858
-5.34815
-5.3064
-5.26565
-5.23559
-5.2268
-5.24123
-5.27282
-5.31261
-5.35436
-5.39038
-5.41178
-5.41924
-5.41391
-5.39954
-5.38423
-5.36993
-5.35967
-5.35714
-5.35409
-5.3459
-5.33396
-5.32311
-5.31479
-5.32036
-5.33294
-5.35221
-5.37096
-5.38682
-5.39717
-5.40116
-5.39975
-5.39625
-5.39556
-5.39654
-5.39636
-5.39009
-5.37216
-5.34658
-5.31971
-5.29221
-5.26958
-5.26082
-5.27234
-5.3017
-5.34228
-5.38273
-5.41585
-5.43446
-5.4375
-5.42615
-5.40272
-5.37184
-5.34051
-5.31597
-5.2998
-5.29603
-5.30485
-5.32189
-5.33755
-5.3437
-5.3365
-5.31057
-5.27599
-5.23558
-5.19901
-5.17846
-5.17679
-5.19473
-5.22869
-5.2703
-5.3157
-5.36408
-5.41143
-5.45391
-5.48351
-5.49785
-5.49311
-5.47197
-5.4373
-5.39392
-5.35029
-5.31376
-5.28406
-5.26701
-5.25806
-5.25919
-5.27357
-5.30151
-5.32943
-5.35276
-5.36687
-5.36696
-5.36159
-5.35355
-5.35021
-5.35195
-5.36232
-5.37698
-5.39122
-5.40457
-5.41251
-5.40923
-5.39558
-5.36914
-5.3329
-5.29789
-5.26761
-5.24507
-5.22831
-5.21955
-5.21641
-5.21547
-5.2184
-5.22851
-5.24985
-5.28282
-5.31759
-5.35002
-5.3688
-5.37522
-5.36305
-5.34638
-5.33139
-5.31605
-5.30905
-5.30721
-5.30991
-5.30949
-5.30446
-5.29135
-5.27184
-5.25147
-5.23134
-5.21895
-5.21205
-5.21249
-5.22646
-5.25577
-5.29704
-5.34977
-5.40204
-5.44557
-5.47806
-5.49911
-5.50924
-5.51032
-5.49786
-5.4749
-5.44122
-5.39994
-5.3598
-5.32314
-5.29974
-5.29055
-5.2913
-5.29149
-5.2845
-5.27036
-5.25446
-5.23879
-5.22226
-5.20709
-5.19336
-5.18162
-5.18099
-5.18996
-5.20611
-5.22186
-5.23719
-5.25339
-5.26699
-5.2875
-5.31542
-5.34615
-5.37507
-5.39264
-5.39719
-5.38661
-5.36197
-5.33105
-5.29983
-5.27676
-5.26403
-5.2543
-5.24394
-5.23105
-5.21299
-5.19196
-5.17592
-5.17038
-5.17888
-5.20477
-5.2475
-5.29419
-5.33985
-5.37495
-5.40038
-5.41398
-5.41663
-5.41133
-5.39934
-5.38617
-5.37012
-5.355
-5.3379
-5.32039
-5.30369
-5.29078
-5.28486
-5.28204
-5.27976
-5.27658
-5.27042
-5.26586
-5.2589
-5.25357
-5.24977
-5.23741
-5.22596
-5.21387
-5.2039
-5.19678
-5.1926
-5.19094
-5.19398
-5.19608
-5.20203
-5.21069
-5.22692
-5.24959
-5.28229
-5.31416
-5.33962
-5.35732
-5.3667
-5.35835
-5.34163
-5.31596
-5.29069
-5.27008
-5.26002
-5.26099
-5.27068
-5.28351
-5.29834
-5.31025
-5.31813
-5.32319
-5.32078
-5.31553
-5.30516
-5.29231
-5.27707
-5.26709
-5.26778
-5.28292
-5.31074
-5.34587
-5.38089
-5.4071
-5.41997
-5.42026
-5.40783
-5.38866
-5.37153
-5.35972
-5.35791
-5.35909
-5.35873
-5.3523
-5.33465
-5.30886
-5.27909
-5.25094
-5.2274
-5.21318
-5.20739
-5.21663
-5.23602
-5.25974
-5.27879
-5.28749
-5.28647
-5.28731
-5.29184
-5.2982
-5.30911
-5.32214
-5.33433
-5.35234
-5.3746
-5.39699
-5.40924
-5.41359
-5.40544
-5.39338
-5.38107
-5.37076
-5.36171
-5.35229
-5.33438
-5.31362
-5.28733
-5.26364
-5.24331
-5.23631
-5.24517
-5.26741
-5.30379
-5.34714
-5.3853
-5.41183
-5.42211
-5.41183
-5.39069
-5.36551
-5.33605
-5.30374
