           1    -7.54895    -7.54895           0
           2    -7.55267    -7.55081  0.00185977
           3    -7.55036    -7.55066   0.0010842
           4    -7.54875    -7.55018 0.000903268
           5    -7.55244    -7.55063 0.000833234
           6    -7.54669    -7.54997 0.000945522
           7    -7.55148    -7.55019 0.000827639
           8    -7.54564    -7.54962  0.00091528
           9    -7.54523    -7.54913 0.000942986
          10    -7.54313    -7.54853   0.0010353
          11    -7.54405    -7.54812  0.00102125
          12    -7.55307    -7.54854  0.00101932
          13    -7.54949    -7.54861  0.00094052
          14    -7.54936    -7.54866 0.000872379
          15    -7.55017    -7.54876 0.000818294
          16    -7.54233    -7.54836  0.00086458
          17    -7.54593    -7.54822 0.000824677
          18    -7.54001    -7.54776 0.000901445
          19     -7.5437    -7.54755 0.000879087
          20    -7.55282    -7.54781 0.000874589
          21    -7.54292    -7.54758 0.000863871
          22    -7.54436    -7.54743 0.000836538
          23      -7.537    -7.54698  0.00091915
          24    -7.54275     -7.5468 0.000897506
          25    -7.54806    -7.54685 0.000862316
          26    -7.53479    -7.54639 0.000949525
          27    -7.54291    -7.54626 0.000922739
          28    -7.55424    -7.54655 0.000933776
          29     -7.5318    -7.54604  0.00103459
          30    -7.54077    -7.54586  0.00101482
          31    -7.55222    -7.54607  0.00100271
          32    -7.54349    -7.54599 0.000974206
          33    -7.54838    -7.54606 0.000947007
          34    -7.53791    -7.54582 0.000949511
          35     -7.5428    -7.54573 0.000926017
          36    -7.54773    -7.54579 0.000901632
          37    -7.55217    -7.54596  0.00089373
          38    -7.53494    -7.54567  0.00091694
          39    -7.53942    -7.54551 0.000907405
          40    -7.55828    -7.54583 0.000940298
          41    -7.53724    -7.54562 0.000940678
          42      -7.542    -7.54553 0.000922041
          43    -7.54642    -7.54555 0.000900581
          44      -7.552     -7.5457 0.000891971
          45    -7.53316    -7.54542 0.000915404
          46     -7.5449    -7.54541 0.000895353
          47    -7.54716    -7.54545 0.000876883
          48     -7.5454    -7.54545  0.00085842
          49    -7.55922    -7.54573 0.000886467
          50     -7.5534    -7.54588 0.000882019
          51    -7.54975    -7.54596 0.000867877
          52    -7.54743    -7.54599 0.000851495
          53    -7.55388    -7.54613 0.000848439
          54    -7.54487    -7.54611  0.00083291
          55    -7.54724    -7.54613 0.000817884
          56    -7.55147    -7.54623 0.000808786
          57    -7.53566    -7.54604 0.000815825
          58    -7.53634    -7.54587 0.000818917
          59    -7.54313    -7.54583 0.000806258
          60    -7.54395     -7.5458 0.000793323
          61    -7.54356    -7.54576  0.00078107
          62    -7.54113    -7.54568 0.000771993
          63    -7.54994    -7.54575 0.000762635
          64    -7.55704    -7.54593 0.000771058
          65     -7.5438     -7.5459 0.000759812
          66    -7.55214    -7.54599  0.00075416
          67     -7.5486    -7.54603 0.000743841
          68    -7.54462    -7.54601 0.000733113
          69    -7.55055    -7.54607 0.000725409
          70    -7.53612    -7.54593 0.000728987
          71    -7.53922    -7.54584 0.000724845
          72    -7.55866    -7.54602  0.00073657
          73    -7.54585    -7.54601 0.000726414
          74     -7.5434    -7.54598 0.000717397
          75    -7.54628    -7.54598 0.000707779
          76    -7.53853    -7.54588 0.000705249
          77    -7.53752    -7.54578 0.000704449
          78    -7.54656    -7.54579 0.000695431
          79    -7.55112    -7.54585 0.000689878
          80    -7.54397    -7.54583 0.000681607
          81    -7.55046    -7.54589 0.000675558
          82    -7.54582    -7.54589 0.000667269
          83    -7.53287    -7.54573 0.000677583
          84    -7.53866    -7.54565 0.000674741
          85     -7.5449    -7.54564 0.000666813
          86    -7.55034    -7.54569 0.000661279
          87    -7.55301    -7.54578 0.000659023
          88    -7.54865    -7.54581 0.000652311
          89    -7.55386     -7.5459 0.000651249
          90    -7.53929    -7.54582 0.000648142
          91     -7.5396    -7.54576 0.000644615
          92    -7.54649    -7.54576  0.00063762
          93    -7.54077    -7.54571 0.000633006
          94    -7.54492     -7.5457 0.000626292
          95    -7.54181    -7.54566 0.000621019
          96     -7.5462    -7.54567 0.000614542
          97    -7.54929     -7.5457 0.000609321
          98    -7.53949    -7.54564 0.000606399
          99    -7.53038    -7.54549 0.000619709
         100     -7.5481    -7.54551 0.000614039
