           1           ,0.0115332           ,0           ,0
           2           ,0.0345996           ,0           ,0
           3           ,0.0576661           ,0           ,0
           4           ,0.0807325           ,0           ,0
           5           ,0.103799           ,0           ,0
           6           ,0.126865           ,0           ,0
           7           ,0.149932           ,0           ,0
           8           ,0.172998           ,0           ,0
           9           ,0.196065           ,0           ,0
          10           ,0.219131           ,0           ,0
          11           ,0.242198           ,0           ,0
          12           ,0.265264           ,0           ,0
          13           ,0.28833           ,0           ,0
          14           ,0.311397           ,0           ,0
          15           ,0.334463           ,0           ,0
          16           ,0.35753           ,0           ,0
          17           ,0.380596           ,0           ,0
          18           ,0.403663           ,0           ,0
          19           ,0.426729           ,0           ,0
          20           ,0.449795           ,0           ,0
          21           ,0.472862           ,0           ,0
          22           ,0.495928           ,0           ,0
          23           ,0.518995           ,0           ,0
          24           ,0.542061           ,0           ,0
          25           ,0.565128           ,0           ,0
          26           ,0.588194           ,0           ,0
          27           ,0.61126           ,0           ,0
          28           ,0.634327           ,0           ,0
          29           ,0.657393           ,0           ,0
          30           ,0.68046           ,0           ,0
          31           ,0.703526           ,0           ,0
          32           ,0.726593           ,0           ,0
          33           ,0.749659           ,0           ,0
          34           ,0.772725           ,0           ,0
          35           ,0.795792           ,0           ,0
          36           ,0.818858           ,0           ,0
          37           ,0.841925           ,0           ,0
          38           ,0.864991           ,1.5524e-07           ,1.5524e-07
          39           ,0.888058           ,6.96639e-05           ,4.75914e-06
          40           ,0.911124           ,0.00335091           ,3.50925e-05
          41           ,0.93419           ,0.0475575           ,0.000158392
          42           ,0.957257           ,0.29415           ,0.000486185
          43           ,0.980323           ,1.00753           ,0.000933722
          44           ,1.00339           ,2.24252           ,0.00119064
          45           ,1.02646           ,3.62651           ,0.00103218
          46           ,1.04952           ,4.61913           ,0.00103773
          47           ,1.07259           ,4.89422           ,0.00161357
          48           ,1.09566           ,4.48805           ,0.00185207
          49           ,1.11872           ,3.65776           ,0.00146009
          50           ,1.14179           ,2.69318           ,0.00104916
          51           ,1.16485           ,1.81525           ,0.000652468
          52           ,1.18792           ,1.1299           ,0.000594117
          53           ,1.21099           ,0.654574           ,0.000645194
          54           ,1.23405           ,0.354266           ,0.000515357
          55           ,1.25712           ,0.180496           ,0.000429277
          56           ,1.28019           ,0.0897363           ,0.000319911
          57           ,1.30325           ,0.0498731           ,0.000229653
          58           ,1.32632           ,0.0425435           ,0.000218073
          59           ,1.34939           ,0.0611054           ,0.000234691
          60           ,1.37245           ,0.106184           ,0.000285016
          61           ,1.39552           ,0.18448           ,0.000319049
          62           ,1.41859           ,0.300923           ,0.000348393
          63           ,1.44165           ,0.453382           ,0.00030075
          64           ,1.46472           ,0.628395           ,0.000300166
          65           ,1.48778           ,0.796442           ,0.000434787
          66           ,1.51085           ,0.921122           ,0.000621129
          67           ,1.53392           ,0.968875           ,0.000665765
          68           ,1.55698           ,0.928619           ,0.000599931
          69           ,1.58005           ,0.808439           ,0.000450217
          70           ,1.60312           ,0.641328           ,0.000283267
          71           ,1.62618           ,0.465444           ,0.000220189
          72           ,1.64925           ,0.31738           ,0.000330062
          73           ,1.67232           ,0.219899           ,0.000387379
          74           ,1.69538           ,0.192908           ,0.000459037
          75           ,1.71845           ,0.256007           ,0.000589753
          76           ,1.74152           ,0.434654           ,0.000671461
          77           ,1.76458           ,0.751061           ,0.000690871
          78           ,1.78765           ,1.19889           ,0.000555926
          79           ,1.81071           ,1.7275           ,0.000400691
          80           ,1.83378           ,2.23442           ,0.000619211
          81           ,1.85685           ,2.59552           ,0.00108002
          82           ,1.87991           ,2.71072           ,0.00124779
          83           ,1.90298           ,2.5553           ,0.00116247
          84           ,1.92605           ,2.17923           ,0.000834709
          85           ,1.94911           ,1.6897           ,0.000468475
          86           ,1.97218           ,1.20095           ,0.000372937
          87           ,1.99525           ,0.802939           ,0.000545866
          88           ,2.01831           ,0.543899           ,0.000684437
          89           ,2.04138           ,0.435432           ,0.000672282
          90           ,2.06445           ,0.462243           ,0.000567068
          91           ,2.08751           ,0.587371           ,0.000409081
          92           ,2.11058           ,0.75857           ,0.000207763
          93           ,2.13364           ,0.917024           ,0.000320492
          94           ,2.15671           ,1.014           ,0.000419134
          95           ,2.17978           ,1.02118           ,0.000481273
          96           ,2.20284           ,0.919221           ,0.00040354
          97           ,2.22591           ,0.780544           ,0.000238793
          98           ,2.24898           ,0.653906           ,0.000346211
          99           ,2.27204           ,0.572383           ,0.000549188
         100           ,2.29511           ,0.574212           ,0.000633573
