           1   -0.416547   -0.416547           0
           2   -0.415139   -0.415843 0.000703942
           3   -0.412967   -0.414884  0.00104129
           4   -0.416056   -0.415177 0.000792449
           5     -0.4156   -0.415262 0.000619636
           6    -0.41363    -0.41499 0.000574374
           7   -0.414051   -0.414856 0.000503607
           8   -0.411029   -0.414377  0.00064733
           9   -0.414487   -0.414389 0.000571021
          10   -0.411711   -0.414122 0.000576695
          11   -0.412397   -0.413965 0.000544684
          12   -0.415984   -0.414133 0.000524929
          13   -0.410578    -0.41386  0.00055491
          14   -0.414382   -0.413897 0.000515102
          15   -0.412391   -0.413797 0.000489925
          16   -0.418544   -0.414093 0.000545934
          17   -0.413921   -0.414083 0.000512915
          18   -0.415386   -0.414156 0.000488966
          19   -0.411912   -0.414038 0.000477356
          20    -0.41727   -0.414199 0.000480831
          21   -0.413244   -0.414154 0.000459618
          22   -0.413654   -0.414131 0.000438818
          23   -0.413252   -0.414093 0.000421043
          24   -0.409972   -0.413921 0.000438153
          25    -0.41682   -0.414037 0.000435966
          26   -0.417634   -0.414175 0.000441113
          27   -0.418535   -0.414337 0.000454131
          28   -0.413007   -0.414289 0.000440182
          29   -0.412727   -0.414235 0.000428137
          30   -0.413235   -0.414202 0.000414962
          31   -0.415033   -0.414229 0.000402247
          32   -0.415256   -0.414261 0.000390794
          33   -0.413827   -0.414248 0.000378995
          34   -0.417154   -0.414333 0.000377483
          35   -0.415011   -0.414353  0.00036705
          36    -0.41392   -0.414341 0.000356911
          37   -0.416066   -0.414387 0.000350248
          38   -0.418134   -0.414486 0.000354882
          39   -0.417919   -0.414574 0.000356693
          40   -0.417183   -0.414639 0.000353728
          41   -0.416909   -0.414694 0.000349406
          42   -0.413563   -0.414667 0.000342047
          43   -0.411926   -0.414604 0.000340027
          44   -0.416493   -0.414647 0.000334973
          45   -0.416037   -0.414678 0.000328899
          46   -0.414195   -0.414667  0.00032184
          47   -0.411638   -0.414603 0.000321447
          48   -0.414295   -0.414596 0.000314744
          49   -0.417262   -0.414651 0.000313019
          50   -0.411535   -0.414588 0.000312962
          51   -0.417583   -0.414647 0.000312335
          52   -0.416664   -0.414686 0.000308715
          53    -0.41301   -0.414654 0.000304481
          54   -0.415079   -0.414662 0.000298893
          55   -0.412693   -0.414626 0.000295584
          56   -0.410891    -0.41456 0.000297823
          57   -0.413984   -0.414549 0.000292726
          58   -0.416126   -0.414577 0.000288915
          59    -0.41345   -0.414558 0.000284618
          60   -0.415083   -0.414566 0.000279971
          61   -0.414529   -0.414566 0.000275344
          62   -0.414064   -0.414558 0.000270987
          63   -0.421436   -0.414667 0.000288138
          64   -0.415515    -0.41468  0.00028391
          65   -0.417663   -0.414726 0.000283251
          66   -0.416377   -0.414751 0.000280046
          67   -0.414141   -0.414742 0.000275985
          68   -0.415906   -0.414759 0.000272434
          69    -0.41212   -0.414721 0.000271167
          70   -0.418231   -0.414771 0.000271929
          71   -0.416913   -0.414801 0.000269764
          72    -0.41226   -0.414766 0.000268322
          73   -0.414881   -0.414767 0.000264626
          74   -0.412913   -0.414742 0.000262226
          75   -0.414806   -0.414743 0.000258707
          76   -0.414469    -0.41474 0.000255306
          77   -0.417093    -0.41477 0.000253815
          78   -0.414096   -0.414761 0.000250688
          79   -0.414791   -0.414762 0.000247495
          80   -0.414139   -0.414754 0.000244506
          81    -0.41585   -0.414768 0.000241847
          82   -0.415023   -0.414771   0.0002389
          83   -0.412615   -0.414745 0.000237429
          84   -0.414332    -0.41474 0.000234637
          85   -0.412431   -0.414713 0.000233445
          86   -0.418887   -0.414761 0.000235766
          87   -0.411037   -0.414718 0.000236939
          88   -0.414308   -0.414714 0.000234278
          89   -0.413239   -0.414697 0.000232222
          90   -0.410752   -0.414653 0.000233774
          91   -0.413586   -0.414642 0.000231488
          92    -0.41406   -0.414635 0.000229045
          93   -0.413374   -0.414622 0.000226975
          94   -0.413907   -0.414614 0.000224676
          95   -0.411685   -0.414583 0.000224427
          96   -0.414006   -0.414577 0.000222158
          97   -0.417047   -0.414603 0.000221325
          98   -0.415271    -0.41461 0.000219161
          99   -0.415933   -0.414623 0.000217348
         100   -0.416487   -0.414642 0.000215969
