           1   0.0491566   0.0491566           0
           2   0.0488686   0.0490126 0.000144026
           3   0.0490068   0.0490107 8.31759e-05
           4   0.0487726   0.0489511 8.36655e-05
           5   0.0488665   0.0489342 6.69807e-05
           6   0.0490778   0.0489582 5.96967e-05
           7   0.0491097   0.0489798 5.49028e-05
           8   0.0490253   0.0489855 4.78861e-05
           9   0.0492819   0.0490184 5.35552e-05
          10   0.0491588   0.0490325 4.99145e-05
          11   0.0491661   0.0490446  4.6756e-05
          12   0.0491101   0.0490501 4.30292e-05
          13   0.0491128   0.0490549 3.98737e-05
          14   0.0492832   0.0490712 4.03565e-05
          15   0.0492939    0.049086 4.03981e-05
          16   0.0490622   0.0490846 3.78183e-05
          17   0.0489077   0.0490742 3.70156e-05
          18   0.0487884   0.0490583 3.83399e-05
          19   0.0490341    0.049057 3.62882e-05
          20   0.0489579    0.049052  3.4781e-05
          21   0.0490891   0.0490538 3.31303e-05
          22   0.0491491   0.0490581 3.18838e-05
          23    0.049149   0.0490621 3.07211e-05
          24   0.0491444   0.0490655 2.96127e-05
          25   0.0488885   0.0490584  2.9273e-05
          26   0.0491882   0.0490634 2.85637e-05
          27   0.0489874   0.0490606 2.76291e-05
          28   0.0489783   0.0490577 2.67859e-05
          29   0.0490648   0.0490579 2.58469e-05
          30   0.0489807   0.0490553 2.51029e-05
          31   0.0488965   0.0490502 2.48145e-05
          32   0.0489062   0.0490457 2.44442e-05
          33    0.049101   0.0490474  2.3751e-05
          34    0.048949   0.0490445 2.32228e-05
          35   0.0488439   0.0490388 2.32667e-05
          36   0.0489807   0.0490372 2.26686e-05
          37   0.0491121   0.0490392 2.21402e-05
          38   0.0489847   0.0490378 2.15973e-05
          39   0.0491384   0.0490403  2.1194e-05
          40   0.0487622   0.0490334 2.17965e-05
          41   0.0492084   0.0490377 2.16827e-05
          42    0.048835   0.0490328 2.17035e-05
          43   0.0490369   0.0490329 2.11929e-05
          44   0.0487069   0.0490255 2.19912e-05
          45    0.049074   0.0490266 2.15239e-05
          46   0.0489722   0.0490254 2.10839e-05
          47   0.0491026    0.049027 2.06957e-05
          48    0.049006   0.0490266 2.02647e-05
          49   0.0487497    0.049021 2.06357e-05
          50   0.0492619   0.0490258 2.07849e-05
          51   0.0491091   0.0490274 2.04386e-05
          52   0.0490615   0.0490281 2.00525e-05
          53   0.0490713   0.0490289 1.96874e-05
          54   0.0490467   0.0490292 1.93222e-05
          55   0.0489461   0.0490277 1.90277e-05
          56   0.0491216   0.0490294   1.876e-05
          57   0.0491866   0.0490321 1.86332e-05
          58   0.0490819    0.049033 1.83292e-05
          59   0.0490822   0.0490338 1.80352e-05
          60   0.0487197   0.0490286 1.84889e-05
          61    0.048929    0.049027 1.82565e-05
          62   0.0489952   0.0490264 1.79669e-05
          63   0.0488049   0.0490229 1.80257e-05
          64   0.0490353   0.0490231 1.77429e-05
          65   0.0487955   0.0490196 1.78154e-05
          66   0.0489747   0.0490189 1.75566e-05
          67   0.0488306   0.0490161 1.75195e-05
          68    0.048836   0.0490135 1.74621e-05
          69   0.0489622   0.0490127 1.72232e-05
          70   0.0490599   0.0490134 1.69888e-05
          71   0.0490674   0.0490142  1.6765e-05
          72   0.0487569   0.0490106 1.69124e-05
          73   0.0491226   0.0490121 1.67495e-05
          74   0.0488618   0.0490101 1.66461e-05
          75   0.0489539   0.0490094 1.64397e-05
          76   0.0491832   0.0490116 1.63824e-05
          77   0.0489304   0.0490106 1.62026e-05
          78   0.0491236    0.049012 1.60591e-05
          79   0.0492198   0.0490147 1.60712e-05
          80   0.0490286   0.0490148   1.587e-05
          81   0.0488057   0.0490123 1.58842e-05
          82   0.0490481   0.0490127 1.56954e-05
          83   0.0489933   0.0490125 1.55069e-05
          84   0.0492664   0.0490155 1.56166e-05
          85   0.0490451   0.0490158 1.54357e-05
          86   0.0488474   0.0490139 1.53803e-05
          87   0.0492493   0.0490166 1.54415e-05
          88   0.0491161   0.0490177 1.53068e-05
          89    0.048803   0.0490153 1.53248e-05
          90   0.0493118   0.0490186 1.55076e-05
          91   0.0490555    0.049019 1.53417e-05
          92   0.0490246   0.0490191 1.51741e-05
          93   0.0491768   0.0490208 1.51056e-05
          94   0.0489664   0.0490202 1.49552e-05
          95   0.0491093   0.0490211 1.48267e-05
          96    0.049106    0.049022  1.4698e-05
          97   0.0489712   0.0490215 1.45551e-05
          98   0.0488551   0.0490198 1.45055e-05
          99    0.049117   0.0490208 1.43917e-05
         100   0.0490139   0.0490207 1.42472e-05
