           1      7.5803      7.5803           0
           2     7.56014     7.57022   0.0100827
           3     7.57312     7.57119  0.00590104
           4     7.58189     7.57386  0.00495682
           5     7.55862     7.57082   0.0049022
           6     7.59312     7.57453  0.00546273
           7      7.5648     7.57314  0.00482168
           8     7.59889     7.57636  0.00527207
           9     7.60303     7.57932  0.00551342
          10      7.6131      7.5827  0.00597689
          11     7.60837     7.58504  0.00588858
          12     7.55811     7.58279   0.0058251
          13      7.5759     7.58226  0.00538447
          14     7.57948     7.58206  0.00498901
          15      7.5723     7.58141  0.00468988
          16     7.61669     7.58362     0.00491
          17     7.59599     7.58434  0.00466919
          18     7.63045     7.58691  0.00509308
          19     7.60726     7.58798   0.0049352
          20     7.55846      7.5865  0.00490898
          21     7.61294     7.58776  0.00483612
          22     7.60678     7.58862  0.00469141
          23      7.6457     7.59111  0.00512381
          24     7.61308     7.59202   0.0049904
          25     7.58483     7.59173  0.00479525
          26     7.65934     7.59433  0.00529024
          27     7.61536     7.59511  0.00514978
          28     7.54976     7.59349  0.00522017
          29     7.67394     7.59627  0.00575026
          30     7.62442     7.59721  0.00563401
          31     7.55984       7.596  0.00558097
          32     7.60968     7.59643  0.00542064
          33     7.58525     7.59609  0.00526472
          34     7.64292     7.59747  0.00529001
          35      7.6143     7.59795  0.00515911
          36     7.58673     7.59764  0.00502343
          37     7.56729     7.59682  0.00495415
          38     7.65676     7.59839  0.00507349
          39     7.63328     7.59929  0.00502199
          40      7.5292     7.59754  0.00519902
          41     7.64489     7.59869   0.0052005
          42     7.62096     7.59922   0.0051028
          43     7.59293     7.59907  0.00498487
          44     7.56206     7.59823  0.00494239
          45     7.66615     7.59974  0.00506154
          46     7.60457     7.59985   0.0049514
          47     7.58961     7.59963   0.0048498
          48     7.59749     7.59959   0.0047479
          49     7.52295     7.59802  0.00490596
          50     7.55494     7.59716  0.00488344
          51     7.57703     7.59676  0.00480297
          52     7.58829      7.5966  0.00471251
          53     7.55245     7.59577  0.00469722
          54     7.60331     7.59591  0.00461153
          55     7.58971      7.5958  0.00452831
          56     7.56845     7.59531  0.00447345
          57     7.65475     7.59635  0.00451631
          58     7.64884     7.59726  0.00452911
          59       7.612     7.59751  0.00445869
          60      7.6084     7.59769  0.00438751
          61     7.60963     7.59788  0.00431942
          62     7.62453     7.59831  0.00427087
          63     7.57869       7.598  0.00421406
          64     7.53678     7.59704  0.00425657
          65     7.61049     7.59725  0.00419567
          66     7.56278     7.59673  0.00416449
          67     7.58241     7.59652  0.00410743
          68     7.60371     7.59662  0.00404796
          69     7.57372     7.59629  0.00400265
          70     7.65073     7.59707  0.00402099
          71     7.63597     7.59761  0.00400165
          72     7.52758     7.59664  0.00406382
          73     7.59828     7.59666  0.00400783
          74     7.61123     7.59686  0.00395819
          75     7.59632     7.59685  0.00390507
          76     7.64037     7.59743  0.00389564
          77     7.64387     7.59803  0.00389174
          78     7.59234     7.59796  0.00384221
          79     7.56736     7.59757  0.00381298
          80     7.60648     7.59768  0.00376667
          81     7.57442     7.59739  0.00373094
          82     7.59604     7.59738   0.0036852
          83     7.67033     7.59826  0.00374512
          84     7.63723     7.59872  0.00372924
          85     7.60366     7.59878  0.00368557
          86     7.56981     7.59844    0.003658
          87     7.55827     7.59798  0.00364507
          88     7.57924     7.59777   0.0036097
          89     7.55436     7.59728  0.00360208
          90     7.63369     7.59768  0.00358474
          91     7.63046     7.59804  0.00356338
          92     7.59493     7.59801  0.00352459
          93     7.62565     7.59831  0.00349913
          94     7.60091     7.59833  0.00346182
          95     7.62094     7.59857  0.00343344
          96     7.59504     7.59854  0.00339769
          97     7.57924     7.59834  0.00336835
          98     7.63125     7.59867  0.00335068
          99     7.68186     7.59951  0.00342145
         100     7.58428     7.59936  0.00339049
