-5.35396
-5.40942
-5.49388
-5.59309
-5.69287
-5.78179
-5.85227
-5.90075
-5.92721
-5.93431
-5.92646
-5.90887
-5.88669
-5.86442
-5.84551
-5.83231
-5.82623
-5.82783
-5.83671
-5.85133
-5.86898
-5.88614
-5.8994
-5.90628
-5.90584
-5.89863
-5.88616
-5.87026
-5.85252
-5.83425
-5.81656
-5.80067
-5.78805
-5.78028
-5.77858
-5.7832
-5.79297
-5.80545
-5.81768
-5.82718
-5.83271
-5.83449
-5.83396
-5.83308
-5.83351
-5.83612
-5.84082
-5.84674
-5.85253
-5.85665
-5.85765
-5.85451
-5.84693
-5.83541
-5.82132
-5.80664
-5.7935
-5.78365
-5.77804
-5.7767
-5.77902
-5.78417
-5.79155
-5.80076
-5.81134
-5.82241
-5.83261
-5.84033
-5.84415
-5.84336
-5.83824
-5.82997
-5.82045
-5.81175
-5.80572
-5.80347
-5.80503
-5.80926
-5.8143
-5.81831
-5.82021
-5.81997
-5.81866
-5.81805
-5.82001
-5.82586
-5.83579
-5.84879
-5.86273
-5.87463
-5.88113
-5.87918
-5.86685
-5.84426
-5.81425
-5.78224
-5.75505
-5.73884
-5.73676
-5.7479
-5.76811
-5.79197
-5.81471
-5.83318
-5.84592
-5.85276
-5.85432
-5.85168
-5.84621
-5.83946
-5.83311
-5.82873
-5.82757
-5.83009
-5.83572
-5.84291
-5.84941
-5.85284
-5.85121
-5.84345
-5.82981
-5.81229
-5.79486
-5.78275
-5.78035
-5.78853
-5.80342
-5.81853
-5.82826
-5.83032
-5.82619
-5.81991
-5.81609
-5.81795
-5.82631
-5.83947
-5.85399
-5.86571
-5.87092
-5.86731
-5.8546
-5.83473
-5.81147
-5.78937
-5.77256
-5.76359
-5.76304
-5.76977
-5.7813
-5.79455
-5.80652
-5.81497
-5.81883
-5.8181
-5.81363
-5.80693
-5.80004
-5.79529
-5.79494
-5.80053
-5.81217
-5.82814
-5.84523
-5.85977
-5.86881
-5.87097
-5.86658
-5.85729
-5.84551
-5.83376
-5.82415
-5.81799
-5.81568
-5.81679
-5.82051
-5.82577
-5.83153
-5.83655
-5.83943
-5.83866
-5.83308
-5.82248
-5.80812
-5.79283
-5.78044
-5.77458
-5.77735
-5.78843
-5.80512
-5.82325
-5.83849
-5.8476
-5.84939
-5.84483
-5.83647
-5.82726
-5.81941
-5.81405
-5.81157
-5.81213
-5.8157
-5.8218
-5.82936
-5.83693
-5.84324
-5.84763
-5.85022
-5.85159
-5.8523
-5.85244
-5.85148
-5.84845
-5.84241
-5.83318
-5.82162
-5.80946
-5.79877
-5.79133
-5.78809
-5.78891
-5.7925
-5.79702
-5.80097
-5.80386
-5.80622
-5.80909
-5.81316
-5.81841
-5.82408
-5.82903
-5.83219
-5.83295
-5.8313
-5.82774
-5.82302
-5.8178
-5.8125
-5.80725
-5.80204
-5.79696
-5.79248
-5.7897
-5.79039
-5.79652
-5.80923
-5.82765
-5.84856
-5.86716
-5.87861
-5.87964
-5.86955
-5.85053
-5.82694
-5.80389
-5.78575
-5.7751
-5.77252
-5.77694
-5.78626
-5.79793
-5.80957
-5.81924
-5.82559
-5.82801
-5.82664
-5.82227
-5.81606
-5.80916
-5.80247
-5.79659
-5.79204
-5.78937
-5.78918
-5.79196
-5.79785
-5.80654
-5.81719
-5.82851
-5.83903
-5.84746
-5.85296
-5.85536
-5.85512
-5.85303
-5.84998
-5.84663
-5.8433
-5.8398
-5.83549
-5.82948
-5.82111
-5.8105
-5.79889
-5.78859
-5.78238
-5.78267
-5.79064
-5.8057
-5.82558
-5.84684
-5.86568
-5.87866
-5.88327
-5.87828
-5.86403
-5.84246
-5.81699
-5.79201
-5.7722
-5.76147
-5.76214
-5.7745
-5.7969
-5.82622
-5.85853
-5.88962
-5.91552
-5.93298
-5.93983
-5.93523
-5.91973
-5.89505
-5.86378
-5.82909
-5.79463
-5.76435
-5.74203
-5.73055
-5.7309
-5.74192
-5.7608
-5.7841
-5.80854
-5.83143
-5.85083
-5.86548
-5.87466
-5.87811
-5.876
-5.86885
-5.85753
-5.84305
-5.82641
-5.80871
-5.79132
-5.77613
-5.76537
-5.76115
-5.76467
-5.77531
-5.79044
-5.80607
-5.81847
-5.82547
-5.82716
-5.8253
-5.82198
-5.81841
-5.81456
-5.8097
-5.80321
-5.79529
-5.78716
-5.78087
-5.77864
-5.78226
-5.79245
-5.80857
-5.82864
-5.8496
-5.86797
-5.88053
-5.88499
-5.88043
-5.86757
-5.84872
-5.82743
-5.80788
-5.79402
-5.78861
-5.79257
-5.80468
-5.82196
-5.84049
-5.85643
-5.86705
-5.87121
-5.86947
-5.86346
-5.85509
-5.84579
-5.83639
-5.82719
-5.81827
-5.80964
-5.8014
-5.79387
-5.78781
-5.78452
-5.78547
-5.79173
-5.80339
-5.81924
-5.8371
-5.85435
-5.86861
-5.87825
-5.88243
-5.88108
-5.87456
-5.86358
-5.84925
-5.83316
-5.81736
-5.80401
-5.79462
-5.78944
-5.78747
-5.78737
-5.78841
-5.7907
-5.79466
-5.80025
-5.80663
-5.8126
-5.81738
-5.8211
-5.82443
-5.82783
-5.83088
-5.83257
-5.83193
-5.82864
-5.82314
-5.81646
-5.80999
-5.80519
-5.80325
-5.80492
-5.81016
-5.81804
-5.82699
-5.83526
-5.84143
-5.84497
-5.84625
-5.8464
-5.84662
-5.84763
-5.84933
-5.85092
-5.85132
-5.84974
-5.84602
-5.84055
-5.834
-5.82707
-5.82029
-5.814
-5.80838
-5.80346
-5.79914
-5.79533
-5.79225
-5.7907
-5.79182
-5.79671
-5.80569
-5.81806
-5.83229
-5.84637
-5.85837
-5.86667
-5.87005
-5.86775
-5.85969
-5.84664
-5.83022
-5.81269
-5.79635
-5.78303
-5.77385
-5.76916
-5.76875
-5.77206
-5.77845
-5.78748
-5.79901
-5.813
-5.82913
-5.84638
-5.86274
-5.87567
-5.88277
-5.88282
-5.87627
-5.86516
-5.85236
-5.84046
-5.83097
-5.8241
-5.81922
-5.81557
-5.81274
-5.81086
-5.8103
-5.81133
-5.814
-5.81811
-5.82336
-5.82951
-5.83642
-5.84396
-5.8516
-5.85823
-5.86225
-5.8622
-5.8575
-5.84875
-5.83752
-5.82573
-5.81497
-5.80607
-5.79901
-5.79325
-5.78823
-5.78385
-5.78058
-5.77932
-5.78094
-5.786
-5.79443
-5.80557
-5.81835
-5.83137
-5.84313
-5.85214
-5.85725
-5.85791
-5.8544
-5.8478
-5.83967
-5.83163
-5.82489
-5.82008
-5.81736
-5.81656
-5.81739
-5.81953
-5.82266
-5.8264
-5.83027
-5.83375
-5.83638
-5.83791
-5.83841
-5.83819
-5.83765
-5.83712
-5.83672
-5.8363
-5.83554
-5.83399
-5.83125
-5.82724
-5.82249
-5.81817
-5.81577
-5.81649
-5.82074
-5.82797
-5.83685
-5.84552
-5.85167
-5.85285
-5.84707
-5.83351
-5.81309
-5.78851
-5.76383
-5.74354
-5.73134
-5.72917
-5.73661
-5.75107
-5.76871
-5.78559
-5.79876
-5.80677
-5.80971
-5.80888
-5.80621
-5.80374
-5.80313
-5.80544
-5.81101
-5.81949
-5.8299
-5.84072
-5.85015
-5.85649
-5.85869
-5.85665
-5.85137
-5.84468
-5.83862
-5.83468
-5.83336
-5.83407
-5.83543
-5.83575
-5.83344
-5.8275
-5.81797
-5.80606
-5.79387
-5.78379
-5.7778
-5.77696
-5.78143
-5.79062
-5.80343
-5.81844
-5.83397
-5.84812
-5.85875
-5.86392
-5.86267
-5.85566
-5.84513
-5.83414
-5.82536
-5.82024
-5.81873
-5.8197
-5.82177
-5.82397
-5.82587
-5.82711
-5.82694
-5.82436
-5.81886
-5.81086
-5.80173
-5.79339
-5.78792
-5.78718
-5.79242
-5.80395
-5.82086
-5.84107
-5.86159
-5.87912
-5.89078
-5.89459
-5.88975
-5.87679
-5.85762
-5.83552
-5.81459
-5.79893
-5.79144
-5.79298
-5.80215
-5.81576
-5.82977
-5.84039
-5.84507
-5.84301
-5.83544
-5.82521
-5.81585
-5.81045
-5.81066
-5.81613
-5.82466
-5.83311
-5.83862
-5.83978
-5.83704
-5.83233
-5.82787
-5.82516
-5.82442
-5.82491
-5.82567
-5.82603
-5.82576
-5.82502
-5.82441
-5.82485
-5.8272
-5.83164
-5.8371
-5.84154
-5.84285
-5.83979
-5.83248
-5.82209
-5.81024
-5.79849
-5.78809
-5.78007
-5.77513
-5.77346
-5.77474
-5.7784
-5.78403
-5.7914
-5.8002
-5.80972
-5.81884
-5.82634
-5.83139
-5.83368
-5.83342
-5.83087
-5.82619
-5.81952
-5.81123
-5.80192
-5.79233
-5.78309
-5.77488
-5.7686
-5.7656
-5.76746
-5.77536
-5.7893
-5.80761
-5.82721
-5.8447
-5.85752
-5.86476
-5.86718
-5.86658
-5.86487
-5.86325
-5.86178
-5.85969
-5.85601
-5.85032
-5.84319
-5.83603
-5.8305
-5.82766
-5.82762
-5.82967
-5.83277
-5.8361
-5.83918
-5.84182
-5.84384
-5.84493
-5.84473
-5.84308
-5.84005
-5.83589
-5.83072
-5.82455
-5.81752
-5.81042
-5.80492
-5.80335
-5.8079
-5.81956
-5.83739
-5.8584
-5.87799
-5.89108
-5.89345
-5.88295
-5.86038
-5.82947
-5.796
-5.76641
-5.74611
-5.73812
-5.74251
-5.75672
-5.77651
-5.79714
-5.81463
-5.8266
-5.83267
-5.83426
-5.83378
-5.83357
-5.835
-5.8381
-5.84185
-5.84481
-5.84579
-5.8442
-5.84007
-5.83372
-5.82558
-5.8161
-5.80614
-5.79717
-5.79117
-5.78997
-5.79459
-5.80471
-5.81869
-5.83404
-5.84808
-5.85855
-5.864
-5.86392
-5.85873
-5.84975
-5.83893
-5.82843
-5.82013
-5.81516
-5.81361
-5.81465
-5.81696
-5.81937
-5.82126
-5.82275
-5.82452
-5.82729
-5.83141
-5.83656
-5.84173
-5.84539
-5.84604
-5.84269
-5.83535
-5.82494
-5.81298
-5.80093
-5.7898
-5.78013
-5.77228
-5.76688
-5.76501
-5.76808
-5.77709
-5.79193
-5.81089
-5.83084
-5.848
-5.85892
-5.86147
-5.85532
-5.84185
-5.82364
-5.80368
-5.78458
-5.76812
-5.75519
-5.74615
-5.7411
-5.74024
-5.74393
-5.75258
-5.76624
-5.78424
-5.80498
-5.82604
-5.84454
-5.8578
-5.86392
-5.86227
-5.85387
-5.84144
-5.82873
-5.81974
-5.81757
-5.82365
-5.83751
-5.85682
-5.87783
-5.89605
-5.90725
-5.90847
-5.89894
-5.88039
-5.85673
-5.83297
-5.81373
-5.8018
-5.79741
-5.79858
-5.8021
-5.80469
-5.8039
-5.79876
-5.78988
-5.77931
-5.76989
-5.76435
-5.76443
-5.77039
-5.78102
-5.79406
-5.80687
-5.81709
-5.82306
-5.82408
-5.82039
-5.81323
-5.80473
-5.79765
-5.7947
-5.7976
-5.80632
-5.81893
-5.83221
-5.84283
-5.84841
-5.84816
-5.84285
-5.83436
-5.82496
-5.81672
-5.81131
-5.80996
-5.81336
-5.82148
-5.83324
-5.84659
-5.85896
-5.86794
-5.87218
-5.8719
-5.86891
-5.86589
-5.86525
-5.86798
-5.87342
-5.87988
-5.88524
-5.88749
-5.88491
-5.87653
-5.86259
-5.84489
-5.82642
-5.8104
-5.79907
-5.79305
-5.79128
-5.79184
-5.79272
-5.79271
-5.79183
-5.79142
-5.79353
-5.7997
-5.80972
-5.82146
-5.83188
-5.83852
-5.84052
-5.83872
-5.83526
-5.83267
-5.8329
-5.8367
-5.84342
-5.85134
-5.85829
-5.86225
-5.86183
-5.85645
-5.84643
-5.83303
-5.81827
-5.80468
-5.79471
-5.79022
-5.79196
-5.79937
-5.81079
-5.82398
-5.8367
-5.847
-5.85343
-5.85513
-5.85203
-5.8451
-5.83631
-5.82819
-5.82296
-5.82182
-5.8247
-5.83074
-5.83872
-5.84719
-5.85428
-5.85767
-5.85512
-5.84538
-5.82906
-5.8089
-5.78925
