-5.9854
-5.98281
-5.98475
-5.98281
-5.98249
-5.98119
-5.97893
-5.97795
-5.97795
-5.97244
-5.9705
-5.9705
-5.96824
-5.96759
-5.96759
-5.96727
-5.96857
-5.97116
-5.97278
-5.97343
-5.97407
-5.97343
-5.97375
-5.97504
-5.97601
-5.97698
-5.97795
-5.97763
-5.9786
-5.97925
-5.98249
-5.98476
-5.98411
-5.9854
-5.98346
-5.98282
-5.98508
-5.98573
-5.98411
-5.9854
-5.98346
-5.98379
-5.98378
-5.98152
-5.9786
-5.97763
-5.97536
-5.97503
-5.97374
-5.97309
-5.97212
-5.97115
-5.97212
-5.97115
-5.96986
-5.96856
-5.96856
-5.96791
-5.96791
-5.96791
-5.96953
-5.96889
-5.97084
-5.97375
-5.97699
-5.97763
-5.97796
-5.97828
-5.9786
-5.98119
-5.98119
-5.98151
-5.98248
-5.98345
-5.9841
-5.98411
-5.98281
-5.98184
-5.98314
-5.98476
-5.98314
-5.98346
-5.98282
-5.98314
-5.98573
-5.98605
-5.98734
-5.98702
-5.98605
-5.98508
-5.98184
-5.98119
-5.97925
-5.97698
-5.97537
-5.97504
-5.97374
-5.97277
-5.97244
-5.97212
-5.97115
-5.97082
-5.97083
-5.97018
-5.97212
-5.97407
-5.9744
-5.97278
-5.97278
-5.97472
-5.97569
-5.97505
-5.97569
-5.97666
-5.9786
-5.97731
-5.97795
-5.97828
-5.9799
-5.97957
-5.97925
-5.97796
-5.97796
-5.97958
-5.97828
-5.97828
-5.97893
-5.97796
-5.97667
-5.97569
-5.97634
-5.97828
-5.97796
-5.97731
-5.97828
-5.97699
-5.97699
-5.97602
-5.97667
-5.97602
-5.97602
-5.97537
-5.9744
-5.97246
-5.97375
-5.97148
-5.97245
-5.97213
-5.9731
-5.97439
-5.97342
-5.97375
-5.97634
-5.97569
-5.97731
-5.97634
-5.97828
-5.97925
-5.97699
-5.97958
-5.98151
-5.98572
-5.98637
-5.98572
-5.98475
-5.98184
-5.98184
-5.98119
-5.98055
-5.98055
-5.98152
-5.9799
-5.97893
-5.9799
-5.9799
-5.97796
-5.97699
-5.97828
-5.97601
-5.97569
-5.97277
-5.97439
-5.97439
-5.97375
-5.97407
-5.97375
-5.9744
-5.97504
-5.97439
-5.97666
-5.97763
-5.9786
-5.9799
-5.98022
-5.98216
-5.98216
-5.98119
-5.98151
-5.97989
-5.98054
-5.98378
-5.98508
-5.98572
-5.98475
-5.98346
-5.98249
-5.98216
-5.98087
-5.98054
-5.9786
-5.97633
-5.97471
-5.97536
-5.97406
-5.97504
-5.97633
-5.97666
-5.97601
-5.97504
-5.97634
-5.97601
-5.97536
-5.97698
-5.97536
-5.97374
-5.9718
-5.97309
-5.97245
-5.97374
-5.9731
-5.97407
-5.97407
-5.97601
-5.97601
-5.97601
-5.9773
-5.97957
-5.98184
-5.98249
-5.98443
-5.98443
-5.98281
-5.98314
-5.98281
-5.98313
-5.98216
-5.98411
-5.98314
-5.98119
-5.98119
-5.98087
-5.97893
-5.97795
-5.97892
-5.9786
-5.97698
-5.97601
-5.97633
-5.97666
-5.97634
-5.97439
-5.9718
-5.9718
-5.97148
-5.97245
-5.9731
-5.97537
-5.97634
-5.97699
-5.97537
-5.97569
-5.97472
-5.97666
-5.97634
-5.97569
-5.97666
-5.9786
-5.97666
-5.9773
-5.97892
-5.97957
-5.98022
-5.9812
-5.98249
-5.98379
-5.98443
-5.98443
-5.98411
-5.98572
-5.98475
-5.98508
-5.98637
-5.98669
-5.98637
-5.98604
-5.9841
-5.98216
-5.98281
-5.98216
-5.98119
-5.98086
-5.97762
-5.97795
-5.976
-5.97438
-5.97341
-5.97309
-5.97309
-5.97211
-5.97373
-5.97276
-5.97406
-5.97341
-5.97438
-5.97471
-5.97536
-5.9773
-5.97924
-5.9828
-5.98442
-5.98474
-5.98507
-5.98507
-5.9841
-5.98442
-5.98248
-5.98377
-5.98248
-5.97989
-5.97924
-5.98086
-5.98086
-5.97859
-5.97794
-5.97859
-5.97762
-5.97859
-5.97762
-5.97989
-5.97892
-5.97891
-5.98021
-5.97988
-5.97956
-5.97826
-5.97664
-5.97599
-5.97438
-5.97438
-5.97438
-5.97308
-5.97179
-5.97244
-5.97341
-5.9747
-5.97438
-5.97568
-5.97697
-5.97859
-5.97794
-5.97859
-5.98054
-5.98021
-5.98054
-5.98151
-5.98151
-5.98215
-5.9828
-5.98215
-5.98312
-5.98053
-5.9815
-5.97956
-5.98118
-5.97859
-5.97859
-5.97988
-5.98021
-5.97827
-5.97665
-5.97794
-5.97826
-5.98118
-5.9815
-5.98053
-5.97923
-5.97826
-5.97697
-5.97406
-5.97535
-5.97503
-5.97373
-5.9747
-5.97567
-5.97503
-5.97438
-5.97535
-5.97762
-5.97891
-5.97762
-5.97859
-5.976
-5.97827
-5.98054
-5.97989
-5.98118
-5.98313
-5.98345
-5.98151
-5.98086
-5.98248
-5.9828
-5.98281
-5.98216
-5.98054
-5.97924
-5.97957
-5.9786
-5.97957
-5.98022
-5.98184
-5.98411
-5.98475
-5.98281
-5.98281
-5.98054
-5.98054
-5.97957
-5.98054
-5.97795
-5.97924
-5.97892
-5.97827
-5.97762
-5.97568
-5.97568
-5.97568
-5.976
-5.97503
-5.97373
-5.97341
-5.97211
-5.97406
-5.97438
-5.97438
-5.97665
-5.97892
-5.98021
-5.97924
-5.97892
-5.97859
-5.97989
-5.98183
-5.98054
-5.98086
-5.97956
-5.97827
-5.97891
-5.97859
-5.97827
-5.98021
-5.97956
-5.97827
-5.97633
-5.97568
-5.9773
-5.97535
-5.97503
-5.97438
-5.97568
-5.97891
-5.97924
-5.97762
-5.97762
-5.97892
-5.97471
-5.976
-5.97665
-5.97697
-5.9773
-5.97762
-5.97567
-5.97373
-5.97373
-5.97406
-5.97406
-5.97405
-5.97341
-5.97664
-5.97729
-5.97794
-5.97664
-5.97632
-5.97697
-5.97956
-5.97924
-5.98021
-5.98151
-5.98248
-5.98151
-5.97892
-5.98054
-5.97924
-5.98086
-5.97924
-5.98151
-5.98183
-5.98183
-5.98248
-5.98313
-5.98021
-5.97892
-5.97957
-5.97924
-5.98086
-5.98054
-5.98022
-5.98119
-5.98021
-5.97989
-5.98151
-5.97827
-5.97859
-5.97924
-5.97794
-5.97665
-5.97536
-5.97633
-5.97471
-5.97374
-5.97438
-5.9747
-5.97535
-5.97567
-5.97438
-5.97341
-5.97503
-5.97341
-5.97179
-5.97309
-5.97276
-5.97567
-5.97632
-5.97859
-5.9773
-5.9773
-5.98021
-5.98054
-5.97924
-5.97956
-5.97892
-5.97859
-5.97697
-5.97633
-5.97568
-5.97697
-5.97633
-5.97795
-5.97827
-5.97892
-5.97795
-5.9773
-5.97924
-5.97892
-5.9773
-5.97601
-5.97698
-5.9786
-5.97924
-5.97892
-5.97924
-5.97925
-5.98022
-5.9786
-5.97763
-5.97892
-5.97957
-5.97633
-5.97568
-5.97795
-5.98151
-5.97924
-5.97989
-5.97989
-5.98345
-5.9841
-5.98443
-5.98443
-5.98507
-5.98443
-5.98378
-5.98249
-5.98151
-5.97892
-5.97892
-5.97989
-5.9786
-5.97665
-5.97633
-5.97763
-5.9773
-5.9773
-5.97795
-5.97698
-5.97536
-5.97568
-5.97568
-5.97665
-5.97665
-5.9773
-5.97471
-5.97665
-5.97471
-5.97471
-5.97568
-5.97633
-5.97698
-5.97924
-5.97989
-5.97957
-5.97957
-5.97957
-5.98086
-5.98119
-5.98151
-5.98086
-5.97859
-5.97989
-5.97956
-5.97924
-5.98086
-5.97892
-5.97665
-5.9773
-5.97795
-5.97827
-5.97795
-5.97794
-5.97859
-5.97697
-5.97924
-5.97989
-5.98053
-5.98118
-5.98053
-5.98053
-5.98085
-5.98247
-5.98118
-5.9802
-5.97956
-5.98215
-5.98053
-5.98183
-5.98183
-5.98313
-5.9841
-5.98183
-5.9828
-5.9841
-5.98571
-5.98442
-5.98377
-5.98344
-5.98182
-5.98053
-5.98215
-5.98118
-5.98215
-5.98054
-5.97989
-5.97989
-5.98118
-5.98021
-5.9815
-5.98053
-5.98085
-5.98118
-5.97988
-5.98085
-5.98215
-5.98182
-5.98053
-5.98182
-5.98118
-5.97891
-5.97762
-5.97729
-5.98053
-5.97891
-5.97859
-5.97924
-5.97956
-5.98021
-5.9815
-5.97859
-5.97697
-5.97697
-5.97794
-5.97826
-5.976
-5.97568
-5.97794
-5.97989
-5.98022
-5.98119
-5.98151
-5.98216
-5.98248
-5.98086
-5.98054
-5.97892
-5.97827
-5.97795
-5.9773
-5.97665
-5.97535
-5.97406
-5.97535
-5.97438
-5.97373
-5.97438
-5.97406
-5.976
-5.97535
-5.97633
-5.9773
-5.97795
-5.97698
-5.97568
-5.97633
-5.97795
-5.97762
-5.97697
-5.97794
-5.97697
-5.97761
-5.97826
-5.97794
-5.97859
-5.97794
-5.97762
-5.97892
-5.97989
-5.98054
-5.98151
-5.98248
-5.98442
-5.98507
-5.98604
-5.98248
-5.98119
-5.98151
-5.97989
-5.97957
-5.97827
-5.97989
-5.9773
-5.97535
-5.97762
-5.97632
-5.97859
-5.97924
-5.98054
-5.98216
-5.98248
-5.98281
-5.98378
-5.9841
-5.98313
-5.98475
-5.98475
-5.98281
-5.98248
-5.98183
-5.98151
-5.98053
-5.97762
-5.97794
-5.97827
-5.98021
-5.98053
-5.98021
-5.98151
-5.98151
-5.98313
-5.98378
-5.98378
-5.98443
-5.98281
-5.98508
-5.98637
-5.98313
-5.98346
-5.98475
-5.98702
-5.98702
-5.98507
-5.98604
-5.98216
-5.98248
-5.98054
-5.98151
-5.98054
-5.97989
-5.97989
-5.98021
-5.98118
-5.98151
-5.98183
-5.98151
-5.98346
-5.98443
-5.98378
-5.98345
-5.98184
-5.98248
-5.98248
-5.98021
-5.97924
-5.97924
-5.97924
-5.97924
-5.98086
-5.98086
-5.97892
-5.97957
-5.9786
-5.97763
-5.97763
-5.9773
-5.97763
-5.97763
-5.97601
-5.97698
-5.9773
-5.97763
-5.97925
-5.97892
-5.97957
-5.97828
-5.9786
-5.97957
-5.98152
-5.98054
-5.98086
-5.98248
-5.98216
-5.98216
-5.9828
-5.98313
-5.98216
-5.98087
-5.98054
-5.98119
-5.98119
-5.98119
-5.98151
-5.98086
-5.98086
-5.98086
-5.97892
-5.9786
-5.97795
-5.97762
-5.97633
-5.9773
-5.97957
-5.98118
-5.98151
-5.98086
-5.98345
-5.98313
-5.98378
-5.98119
-5.97795
-5.9773
-5.97795
-5.98054
-5.98119
-5.98183
-5.98313
-5.97989
-5.98151
-5.98054
-5.98151
-5.98086
-5.98021
-5.97924
-5.97891
-5.97794
-5.97891
-5.98053
-5.98086
-5.97924
-5.98118
-5.97956
-5.97989
-5.97892
-5.97989
-5.98021
-5.98215
-5.98215
-5.98215
-5.9815
-5.98247
-5.98021
-5.98021
-5.97794
-5.97502
-5.97697
-5.97567
-5.97567
-5.97632
-5.97567
-5.97664
-5.97858
-5.97923
-5.98085
-5.97891
-5.97988
-5.97826
-5.97826
-5.97858
-5.97923
-5.98118
-5.98085
-5.97859
-5.98021
-5.97956
-5.97988
-5.98053
-5.98118
-5.98312
-5.98311
-5.98279
-5.98279
-5.98505
-5.98473
-5.98311
-5.98182
-5.97988
-5.97696
-5.97502
-5.9734
-5.97502
-5.97438
-5.9747
-5.97373
-5.97664
-5.97437
-5.97469
-5.97631
-5.97695
-5.97922
-5.98149
-5.98214
-5.98311
-5.98279
-5.98311
-5.9802
-5.98085
-5.9802
-5.98052
-5.97955
-5.97955
-5.9789
-5.97663
-5.97793
-5.97663
-5.97663
-5.97793
-5.97728
-5.97857
-5.97857
-5.97728
-5.97663
-5.97468
-5.97501
-5.97566
-5.97695
-5.97663
-5.97468
-5.97566
-5.97825
-5.97922
-5.97954
-5.97792
-5.97889
-5.97857
-5.97792
-5.97792
-5.97825
-5.97922
-5.98019
-5.98116
-5.98051
-5.98116
-5.98019
-5.97857
