1.2158
1.22573
1.22562
1.21285
1.18603
1.14554
1.09388
1.0358
0.977639
0.925985
0.885712
0.858793
0.844108
0.838471
0.838203
0.840255
0.842553
0.843911
0.843595
0.840953
0.835421
0.826818
0.815806
0.804289
0.795243
0.792153
0.798207
0.815324
0.843631
0.881399
0.925653
0.97291
1.01962
1.06256
1.0989
1.12642
1.14373
1.15024
1.14612
1.13214
1.10939
1.07933
1.04376
1.00484
0.965096
0.927358
0.894166
0.867127
0.846679
0.832157
0.822468
0.816729
0.814585
0.815923
0.820453
0.827494
0.836466
0.847722
0.862555
0.882162
0.906221
0.932159
0.956079
0.974273
0.984572
0.986803
0.982464
0.974114
0.964607
0.956319
0.950844
0.949046
0.951283
0.957607
0.967796
0.981438
0.997863
1.016
1.03437
1.05121
1.06473
1.07333
1.07566
1.07104
1.0595
1.04187
1.01968
0.99501
0.969855
0.945833
0.923651
0.903028
0.882844
0.861769
0.838976
0.814599
0.789985
0.767434
0.749539
0.738554
0.736089
0.742961
0.759141
0.783824
0.815347
0.851293
0.888601
0.924256
0.955678
0.981038
0.999362
1.0105
1.01499
1.01405
1.00957
1.00368
0.998493
0.995824
0.996806
1.00169
1.00983
1.01972
1.02943
1.03683
1.04018
1.03831
1.03099
1.01894
1.0036
0.986644
0.969498
0.953043
0.937441
0.922372
0.907465
0.892602
0.877877
0.86333
0.848907
0.834378
0.819529
0.804408
0.789413
0.775466
0.764006
0.756811
0.755693
0.762038
0.776577
0.799177
0.828899
0.864176
0.903176
0.943747
0.983488
1.01977
1.05022
1.07318
1.08819
1.09585
1.09765
1.09556
1.09141
1.08633
1.08065
1.07391
1.0652
1.05371
1.0391
1.02156
1.00179
0.980631
0.958797
0.936672
0.914287
0.891698
0.869206
0.847371
0.827086
0.809612
0.796551
0.789426
0.788869
0.794076
0.802967
0.813226
0.823385
0.833299
0.84373
0.855632
0.869441
0.88478
0.90083
0.916799
0.932315
0.947571
0.963109
0.979492
0.996845
1.01458
1.03147
1.04582
1.05591
1.06054
1.05917
1.05206
1.0401
1.02449
1.00649
0.987171
0.967431
0.94813
0.930149
0.914259
0.901017
0.890438
0.882009
0.874784
0.867727
0.860137
0.852001
0.844192
0.838438
0.836715
0.840485
0.849672
0.862505
0.876416
0.889172
0.899527
0.907337
0.913371
0.918838
0.925089
0.933178
0.94384
0.957223
0.972887
0.989836
1.00691
1.02291
1.03683
1.04801
1.05612
1.06094
1.06229
1.06
1.05389
1.04401
1.03064
1.01425
0.995185
0.973704
0.950326
0.926191
0.902932
0.882136
0.864642
0.850288
0.838532
0.829317
0.823427
0.822048
0.825854
0.834164
0.845142
0.856546
0.86685
0.875532
0.88295
0.889635
0.895597
0.900201
0.902723
0.903165
0.902647
0.903211
0.907085
0.915945
0.930177
0.948774
0.969708
0.990568
1.00936
1.02497
1.03697
1.04554
1.05112
1.05424
1.05539
1.05498
1.05318
1.0498
1.04432
1.03605
1.0243
1.0089
0.990229
0.969031
0.945928
0.921137
0.894709
0.866905
0.838657
0.811511
0.787272
0.76776
0.754477
0.748577
0.750606
0.760295
0.776427
0.797283
0.820964
0.845764
0.870321
0.893516
0.91452
0.932787
0.947969
0.95992
0.968736
0.974609
0.977953
0.979262
0.979107
0.978031
0.97655
0.975433
0.975587
0.978065
0.983848
0.993375
1.00601
1.01994
1.03251
1.04076
1.04207
1.03479
1.01818
0.992834
0.960404
0.923492
0.885339
0.849482
0.819214
0.796863
0.783401
0.778481
0.780981
0.789564
0.803037
0.820425
0.840687
0.862687
0.885189
0.907133
0.927806
0.946786
0.963787
0.978491
0.990592
0.999816
1.00619
1.00994
1.01146
1.01124
1.00959
1.0068
1.00321
0.99912
0.994766
0.990513
0.986646
0.983431
0.98095
0.978901
0.976574
0.97295
0.967054
0.958407
0.947257
0.934567
0.921656
0.909763
0.899686
0.891642
0.885296
0.879995
0.874832
0.868985
0.86199
0.854015
0.846006
0.839502
0.836236
0.837669
0.844582
0.856931
0.873876
0.893884
0.914895
0.934655
0.951099
0.962649
0.968585
0.969205
0.965604
0.959675
0.953316
0.948188
0.945287
0.944989
0.947324
0.952437
0.960776
0.972797
0.988416
1.00661
1.02537
1.04202
1.054
1.05963
1.05838
1.05092
1.03855
1.0228
1.00481
0.985224
0.964162
0.941543
0.917423
0.892223
0.866639
0.841554
0.817936
0.796878
0.779626
0.767568
0.762055
0.764158
0.774142
0.791287
0.813933
0.839885
0.866912
0.893222
0.917723
0.939998
0.960197
0.978672
0.9956
1.01075
1.02356
1.03329
1.03925
1.04113
1.03904
1.03344
1.02505
1.01477
1.00329
0.991149
0.978621
0.965653
0.952091
0.937894
0.923406
0.909422
0.897168
0.887802
0.882094
0.87999
0.880594
0.88263
0.884891
0.886555
0.887363
0.887423
0.886907
0.885914
0.884373
0.882032
0.87871
0.874596
0.870221
0.866672
0.865279
0.867417
0.874129
0.885977
0.902777
0.923263
0.945244
0.966172
0.983639
0.995925
1.00214
1.00222
0.996764
0.987108
0.975164
0.963361
0.954004
0.948359
0.946287
0.946839
0.949141
0.952816
0.957794
0.963839
0.970384
0.976388
0.980567
0.981677
0.978786
0.971607
0.960713
0.94746
0.933733
0.92145
0.912033
0.906012
0.902883
0.901412
0.899903
0.896834
0.891235
0.883072
0.873006
0.862366
0.852799
0.845747
0.842288
0.842833
0.846995
0.853839
0.862315
0.871751
0.882161
0.894168
0.908476
0.925162
0.943391
0.961533
0.977492
0.989471
0.996411
0.998293
0.995951
0.990722
0.984077
0.977325
0.971382
0.966573
0.962708
0.959002
0.954467
0.948424
0.940631
0.931343
0.921174
0.910819
0.900994
0.892401
0.885807
0.882059
0.882086
0.88646
0.895062
0.90682
0.919861
0.931995
0.94134
0.946776
0.948229
0.946607
0.943505
0.940675
0.939575
0.941246
0.946118
0.954122
0.964919
0.977826
0.991747
1.00528
1.01701
1.02558
1.02993
1.02931
1.02333
1.012
0.995646
0.975124
0.951582
0.926478
0.901312
0.877285
0.855021
0.834645
0.816236
0.800434
0.788443
0.781569
0.780596
0.785612
0.796086
0.811459
0.831075
0.85427
0.8802
0.907805
0.935963
0.963448
0.988963
1.01127
1.02928
1.04208
1.04913
1.05007
1.04475
1.03351
1.01765
0.999352
0.981447
0.96662
0.956638
0.951997
0.951877
0.954679
0.958618
0.962012
0.96354
0.962414
0.95841
0.951855
0.943517
0.934402
0.925278
0.916575
0.908206
0.899672
0.890344
0.88001
0.86914
0.859213
0.852523
0.851591
0.858417
0.873653
0.896144
0.923098
0.950507
0.974218
0.990942
0.998912
0.99816
0.990075
0.976818
0.960956
0.945039
0.931367
0.921798
0.917434
0.918574
0.924448
0.933363
0.942833
0.950013
0.9525
0.949093
0.940312
0.928422
0.916417
0.906661
0.900026
0.896174
0.894407
0.894408
0.896296
0.900436
0.907009
0.915779
0.926079
0.937001
0.947471
0.956504
0.963181
0.966639
0.966179
0.961318
0.952085
0.939243
0.92421
0.90917
0.896725
0.889443
0.889372
0.897372
0.912927
0.934093
0.958017
0.981507
1.00163
1.01621
1.0239
1.0243
1.01776
1.00516
0.987658
0.966379
0.942251
0.916024
0.888377
0.860282
0.83341
0.810056
0.792882
0.784073
0.784726
0.794692
0.813049
0.83823
0.867988
0.899541
0.929754
0.955419
0.97367
0.98235
0.980367
0.968008
0.947026
0.920545
0.892503
0.867096
0.84795
0.837523
0.836983
0.846221
0.864231
0.889227
0.918922
0.950739
0.98215
1.01101
1.03581
1.05559
1.06985
1.07817
1.08012
1.07526
1.06337
1.04472
1.02026
0.991665
0.961349
0.932153
0.906986
0.888409
0.878202
0.877155
0.884937
0.90009
0.920261
0.942448
0.963281
0.979493
0.988382
0.988211
0.978702
0.961114
0.937872
0.911726
0.884998
0.859244
0.835768
0.816245
0.802885
0.797812
0.802364
0.816435
0.838499
0.866158
0.896775
0.928076
0.958304
0.986173
1.01059
1.03052
1.04504
1.0535
1.05567
1.05183
1.04252
1.02852
1.01061
0.989396
0.965466
0.939674
0.913326
0.888235
0.866521
0.850082
0.840337
0.838082
0.843494
0.856122
0.874695
0.897086
0.92052
0.942063
0.959172
0.97025
0.974816
0.973445
0.967441
0.958595
0.948926
0.940741
0.936234
0.937043
0.943694
0.955182
0.96931
0.983331
0.99472
1.00193
1.00445
1.00285
0.99832
0.992216
0.985769
0.979835
0.974904
0.971113
0.968244
0.965646
0.962253
0.956656
0.947363
0.933302
0.914301
0.891407
0.866949
0.844139
0.826263
0.815694
0.813227
0.817977
0.827868
0.840392
0.85339
0.865455
0.875884
0.884525
0.891474
0.896839
0.900631
0.902978
0.904203
0.904959
0.906124
0.908558
0.912915
0.919598
0.928637
0.939844
0.952856
0.967121
0.981833
0.996004
1.00866
1.0191
1.0269
1.03179
1.03332
1.03102
1.02457
1.01383
0.998987
0.980524
0.959236
0.936256
0.912986
0.891042
0.872078
0.857706
0.849203
0.847241
0.851645
0.861394
0.874988
0.890855
0.907666
0.924365
0.940131
0.954162
0.965635
0.973819
0.978258
0.978982
0.976576
0.971865
0.965913
0.959738
0.954207
0.949805
0.946588
0.944215
0.941982
0.939018
0.934751
0.928845
0.921538
0.913507
0.905624
0.898727
0.893396
0.890056
0.888928
0.890252
0.894249
0.901032
0.910421
0.921812
0.934015
0.945323
0.953761
0.957434
0.955075
0.946422
0.932456
0.915235
0.897682
0.883046
0.874204
0.873145
0.880596
0.895802
0.916805
0.940789
0.964627
0.985323
1.00041
1.00818
1.00767
0.998983
0.983363
0.963159
0.941668
0.922623
0.909549
0.90489
0.909496
0.922372
0.94126
0.963263
0.985393
1.00493
1.01975
1.02842
1.03033
1.02568
1.01518
1.00002
0.981515
0.960871
0.939055
0.916785
0.894747
0.873689
0.854538
0.838259
0.825746
0.817655
0.814343
0.81565
0.820888
0.828946
0.838648
0.848963
0.859311
0.869632
0.880405
0.892409
0.906399
0.92271
0.941004
0.960142
0.978376
0.993799
1.00478
1.01021
1.00955
1.00282
0.990545
0.973686
0.953576
0.93188
