0.810531
0.817153
0.817079
0.808566
0.790689
0.763695
0.729256
0.690532
0.65176
0.617323
0.590475
0.572529
0.562739
0.558981
0.558802
0.56017
0.561702
0.562607
0.562397
0.560635
0.556948
0.551212
0.543871
0.536192
0.530162
0.528102
0.532138
0.543549
0.56242
0.587599
0.617102
0.648607
0.679745
0.708371
0.732602
0.750947
0.762489
0.766824
0.764082
0.754762
0.739594
0.719556
0.695841
0.669895
0.643397
0.618239
0.59611
0.578085
0.564453
0.554771
0.548312
0.544486
0.543056
0.543949
0.546969
0.551663
0.557644
0.565148
0.575037
0.588108
0.604147
0.621439
0.637386
0.649516
0.656381
0.657869
0.654976
0.649409
0.643072
0.637546
0.633896
0.632698
0.634189
0.638404
0.645198
0.654292
0.665242
0.677335
0.689581
0.700807
0.709823
0.715554
0.717106
0.714028
0.706334
0.694577
0.679787
0.66334
0.64657
0.630555
0.615767
0.602018
0.588562
0.574512
0.559317
0.543066
0.526657
0.511623
0.499693
0.492369
0.490726
0.495308
0.506094
0.52255
0.543565
0.567528
0.592401
0.616171
0.637119
0.654026
0.666241
0.673666
0.676661
0.676031
0.673043
0.669119
0.665662
0.663883
0.664537
0.667793
0.673218
0.679816
0.686284
0.691222
0.693452
0.692209
0.687329
0.679294
0.669069
0.657763
0.646332
0.635362
0.624961
0.614914
0.604977
0.595068
0.585252
0.575553
0.565938
0.556252
0.546352
0.536272
0.526275
0.516977
0.509337
0.504541
0.503795
0.508025
0.517718
0.532785
0.5526
0.576118
0.602117
0.629164
0.655659
0.679845
0.700144
0.715455
0.725463
0.730565
0.731766
0.730372
0.727603
0.724223
0.720432
0.715937
0.710136
0.702475
0.692731
0.68104
0.667859
0.653754
0.639198
0.624448
0.609524
0.594465
0.579471
0.564914
0.551391
0.539741
0.531034
0.526284
0.525913
0.529384
0.535312
0.542151
0.548923
0.555533
0.562487
0.570421
0.579628
0.589853
0.600553
0.611199
0.621543
0.631714
0.642073
0.652995
0.664564
0.676385
0.687649
0.697214
0.703943
0.707026
0.706116
0.701375
0.693398
0.68299
0.670995
0.658114
0.644954
0.632087
0.620099
0.609506
0.600678
0.593625
0.588006
0.583189
0.578485
0.573425
0.568001
0.562795
0.558959
0.55781
0.560323
0.566448
0.575003
0.584278
0.592781
0.599684
0.604892
0.608914
0.612559
0.616726
0.622119
0.629227
0.638148
0.648592
0.65989
0.671273
0.68194
0.691218
0.698677
0.704082
0.707292
0.708194
0.706667
0.702595
0.696006
0.68709
0.676169
0.663457
0.649136
0.633551
0.617461
0.601954
0.58809
0.576428
0.566859
0.559021
0.552878
0.548951
0.548032
0.55057
0.55611
0.563428
0.57103
0.5779
0.583688
0.588633
0.59309
0.597065
0.600134
0.601815
0.60211
0.601765
0.602141
0.604723
0.61063
0.620118
0.632516
0.646472
0.660379
0.672904
0.683311
0.691312
0.697027
0.700747
0.702825
0.703596
0.703323
0.702122
0.699864
0.696216
0.690699
0.682866
0.672598
0.660153
0.646021
0.630619
0.614092
0.596473
0.577937
0.559105
0.541007
0.524848
0.51184
0.502985
0.499051
0.500404
0.506863
0.517618
0.531522
0.547309
0.563843
0.580214
0.595677
0.60968
0.621858
0.631979
0.639947
0.645824
0.649739
0.651968
0.652842
0.652738
0.652021
0.651033
0.650289
0.650391
0.652043
0.655898
0.66225
0.670677
0.679957
0.688343
0.693838
0.694713
0.689861
0.678789
0.661889
0.640269
0.615661
0.590226
0.566321
0.546143
0.531242
0.522267
0.518987
0.520654
0.526376
0.535358
0.54695
0.560458
0.575125
0.590126
0.604755
0.618537
0.631191
0.642525
0.652327
0.660395
0.666544
0.670794
0.673292
0.674306
0.674158
0.673057
0.671203
0.668809
0.66608
0.663178
0.660342
0.657764
0.655621
0.653967
0.652601
0.651049
0.648633
0.644703
0.638938
0.631504
0.623045
0.614437
0.606509
0.599791
0.594428
0.590197
0.586663
0.583221
0.579324
0.57466
0.569343
0.564004
0.559668
0.55749
0.558446
0.563055
0.571287
0.582584
0.595923
0.60993
0.623104
0.634066
0.641766
0.645723
0.646137
0.643736
0.639783
0.635544
0.632126
0.630192
0.629992
0.63155
0.634958
0.640517
0.648531
0.658944
0.671075
0.683578
0.69468
0.702669
0.706417
0.705587
0.70061
0.692366
0.681864
0.669874
0.656816
0.642775
0.627695
0.611615
0.594815
0.577759
0.561036
0.545291
0.531252
0.519751
0.511712
0.508036
0.509439
0.516095
0.527525
0.542622
0.559923
0.577942
0.595482
0.611815
0.626666
0.640131
0.652448
0.663733
0.673836
0.682375
0.688863
0.692836
0.694089
0.692695
0.68896
0.683364
0.676515
0.668858
0.660766
0.652414
0.643769
0.634727
0.625263
0.615604
0.606281
0.598112
0.591868
0.588063
0.58666
0.587063
0.58842
0.589927
0.591037
0.591575
0.591615
0.591272
0.590609
0.589582
0.588022
0.585806
0.583064
0.580147
0.577781
0.576853
0.578278
0.582752
0.590652
0.601851
0.615508
0.630163
0.644115
0.655759
0.66395
0.668096
0.668147
0.664509
0.658072
0.650109
0.642241
0.636003
0.632239
0.630858
0.631226
0.63276
0.635211
0.638529
0.642559
0.646923
0.650925
0.653712
0.654451
0.652524
0.647738
0.640475
0.63164
0.622489
0.6143
0.608022
0.604008
0.601922
0.600941
0.599935
0.597889
0.594157
0.588715
0.582004
0.574911
0.568533
0.563832
0.561525
0.561889
0.564663
0.569226
0.574877
0.581167
0.588108
0.596112
0.605651
0.616775
0.628927
0.641022
0.651661
0.659647
0.664274
0.665529
0.663967
0.660482
0.656051
0.65155
0.647588
0.644382
0.641805
0.639335
0.636311
0.632283
0.627087
0.620895
0.614116
0.607213
0.600663
0.594934
0.590538
0.588039
0.588057
0.590973
0.596708
0.604547
0.61324
0.62133
0.62756
0.631184
0.632153
0.631072
0.629004
0.627116
0.626383
0.627497
0.630745
0.636081
0.643279
0.651884
0.661164
0.670187
0.678004
0.683717
0.686621
0.686206
0.682223
0.674667
0.663764
0.650083
0.634388
0.617652
0.600874
0.584857
0.570014
0.55643
0.544157
0.533623
0.525629
0.521046
0.520397
0.523741
0.530724
0.540973
0.55405
0.569513
0.5868
0.605203
0.623975
0.642299
0.659308
0.674182
0.686187
0.694717
0.69942
0.70005
0.696497
0.689006
0.678434
0.666234
0.654298
0.644413
0.637759
0.634665
0.634585
0.636453
0.639078
0.641342
0.64236
0.641609
0.63894
0.63457
0.629012
0.622934
0.616852
0.61105
0.605471
0.599781
0.593562
0.586673
0.579427
0.572809
0.568349
0.567728
0.572278
0.582435
0.59743
0.615399
0.633672
0.649479
0.660628
0.665941
0.66544
0.66005
0.651212
0.640637
0.630026
0.620911
0.614532
0.611623
0.612383
0.616299
0.622242
0.628555
0.633342
0.635
0.632729
0.626874
0.618948
0.610945
0.60444
0.600017
0.59745
0.596272
0.596272
0.597531
0.600291
0.604673
0.61052
0.617386
0.624667
0.631647
0.63767
0.642121
0.644426
0.644119
0.640878
0.634723
0.626162
0.61614
0.606113
0.597817
0.592962
0.592915
0.598248
0.608618
0.622729
0.638678
0.654338
0.667755
0.677474
0.682601
0.682865
0.678505
0.670107
0.658439
0.644253
0.628167
0.610683
0.592251
0.573521
0.555607
0.540037
0.528588
0.522715
0.52315
0.529794
0.542032
0.55882
0.578658
0.599694
0.619836
0.636946
0.649113
0.6549
0.653578
0.645339
0.631351
0.613697
0.595002
0.578064
0.5653
0.558349
0.557989
0.564148
0.576154
0.592818
0.612614
0.633826
0.654767
0.674006
0.690542
0.703726
0.713232
0.71878
0.720083
0.716837
0.70891
0.69648
0.680176
0.66111
0.6409
0.621435
0.604657
0.592273
0.585468
0.58477
0.589958
0.60006
0.613507
0.628299
0.642187
0.652995
0.658921
0.658807
0.652468
0.640742
0.625248
0.607817
0.589999
0.572829
0.557179
0.544164
0.535257
0.531875
0.534909
0.54429
0.558999
0.577439
0.59785
0.618717
0.638869
0.657449
0.673727
0.687013
0.696694
0.702336
0.703779
0.701217
0.695017
0.685682
0.673741
0.659597
0.643644
0.626449
0.608884
0.592156
0.577681
0.566721
0.560225
0.558721
0.562329
0.570748
0.58313
0.598058
0.61368
0.628042
0.639448
0.646833
0.649877
0.648963
0.64496
0.639063
0.632617
0.627161
0.624156
0.624695
0.62913
0.636788
0.646207
0.655554
0.663147
0.667955
0.669632
0.668568
0.665547
0.661477
0.657179
0.653223
0.649936
0.647409
0.645496
0.643764
0.641502
0.637771
0.631576
0.622201
0.609534
0.594271
0.577966
0.562759
0.550842
0.543796
0.542151
0.545318
0.551912
0.560261
0.568927
0.57697
0.583922
0.589683
0.594316
0.597893
0.600421
0.601985
0.602802
0.603306
0.604083
0.605705
0.60861
0.613065
0.619091
0.626563
0.635237
0.644748
0.654555
0.664003
0.672441
0.679402
0.6846
0.68786
0.68888
0.687346
0.683049
0.675885
0.665991
0.653682
0.639491
0.62417
0.608657
0.594028
0.581385
0.571804
0.566135
0.564827
0.567763
0.574262
0.583326
0.593903
0.605111
0.616244
0.626754
0.636108
0.643757
0.649213
0.652172
0.652655
0.651051
0.64791
0.643942
0.639826
0.636138
0.633204
0.631058
0.629476
0.627988
0.626012
0.623167
0.61923
0.614359
0.609004
0.60375
0.599151
0.595597
0.593371
0.592618
0.593501
0.596166
0.600688
0.606947
0.614541
0.622677
0.630215
0.635841
0.638289
0.636717
0.630948
0.621637
0.610157
0.598454
0.588698
0.582803
0.582097
0.587064
0.597201
0.611203
0.627192
0.643085
0.656882
0.666941
0.672117
0.671781
0.665989
0.655576
0.642106
0.627779
0.615082
0.606366
0.60326
0.606331
0.614915
0.627506
0.642175
0.656929
0.669955
0.679834
0.685614
0.68689
0.683785
0.676786
0.666681
0.654344
0.640581
0.626036
0.61119
0.596498
0.58246
0.569692
0.558839
0.550497
0.545103
0.542896
0.543767
0.547259
0.552631
0.559098
0.565975
0.572874
0.579754
0.586937
0.59494
0.604266
0.61514
0.627336
0.640094
0.652251
0.662533
0.669852
0.673475
0.673036
0.668546
0.660364
0.649124
0.635717
0.621254
