-7.2012
-7.20854
-7.21037
-7.19566
-7.16852
-7.12674
-7.07281
-7.01375
-6.95559
-6.89843
-6.85621
-6.82929
-6.81234
-6.80606
-6.8058
-6.80753
-6.81112
-6.81507
-6.81637
-6.81438
-6.80949
-6.80024
-6.78955
-6.77933
-6.77125
-6.76913
-6.77616
-6.79295
-6.82223
-6.86065
-6.90814
-6.95767
-7.00373
-7.04796
-7.08237
-7.10924
-7.12882
-7.13597
-7.13023
-7.11755
-7.09285
-7.06312
-7.02755
-6.98636
-6.9437
-6.90498
-6.86952
-6.84216
-6.82042
-6.80525
-6.79459
-6.78788
-6.78671
-6.78708
-6.79031
-6.79606
-6.80503
-6.81564
-6.83047
-6.85007
-6.87575
-6.90105
-6.92691
-6.94802
-6.96156
-6.96444
-6.96042
-6.95239
-6.94321
-6.93751
-6.93203
-6.93056
-6.93377
-6.94106
-6.9519
-6.96554
-6.98067
-6.99784
-7.01751
-7.03597
-7.04787
-7.05679
-7.05847
-7.05418
-7.04523
-7.02792
-7.00702
-6.98203
-6.9559
-6.93091
-6.90549
-6.88422
-6.86209
-6.83875
-6.81434
-6.78964
-6.76373
-6.7402
-6.72198
-6.71067
-6.70724
-6.71379
-6.72997
-6.754
-6.78747
-6.82536
-6.863
-6.89703
-6.92846
-6.95576
-6.97505
-6.98554
-6.99068
-6.99071
-6.98817
-6.98098
-6.97645
-6.9741
-6.9767
-6.98126
-6.98908
-6.99768
-7.00739
-7.01641
-7.01846
-7.0166
-7.00992
-6.9969
-6.98027
-6.96234
-6.94584
-6.93133
-6.9154
-6.89968
-6.88575
-6.86959
-6.85487
-6.83935
-6.82557
-6.8104
-6.79555
-6.77978
-6.76381
-6.74792
-6.73776
-6.72829
-6.72814
-6.73416
-6.74967
-6.77357
-6.80232
-6.83792
-6.87951
-6.91944
-6.9608
-6.99611
-7.0285
-7.05244
-7.06518
-7.07542
-7.07916
-7.08128
-7.07777
-7.07206
-7.0654
-7.05575
-7.04705
-7.03491
-7.01964
-7.00211
-6.98331
-6.96053
-6.93773
-6.91657
-6.89419
-6.86965
-6.84619
-6.82565
-6.8031
-6.7853
-6.76932
-6.76382
-6.76326
-6.76782
-6.77704
-6.78697
-6.79778
-6.80834
-6.81812
-6.83229
-6.84707
-6.86338
-6.88073
-6.89702
-6.91448
-6.92973
-6.9443
-6.96101
-6.97674
-6.99512
-7.01525
-7.0309
-7.04164
-7.04529
-7.04263
-7.03455
-7.02226
-7.00535
-6.98703
-6.96577
-6.94377
-6.92284
-6.90551
-6.88832
-6.87605
-6.86677
-6.85867
-6.8508
-6.84277
-6.83647
-6.82801
-6.81955
-6.81542
-6.81208
-6.81423
-6.82147
-6.8356
-6.84887
-6.86292
-6.87262
-6.8814
-6.88744
-6.89485
-6.9011
-6.90919
-6.92114
-6.93679
-6.95472
-6.97232
-6.99134
-7.00734
-7.01964
-7.03115
-7.03893
-7.04407
-7.04446
-7.04411
-7.03703
-7.0252
-7.01183
-6.99512
-6.97411
-6.95166
-6.92925
-6.90479
-6.87991
-6.85815
-6.84098
-6.82695
-6.81487
-6.80371
-6.79523
-6.79385
-6.79733
-6.80662
-6.81824
-6.83191
-6.84319
-6.85252
-6.85832
-6.86532
-6.87032
-6.87686
-6.87906
-6.87885
-6.87931
-6.88181
-6.88374
-6.89325
-6.9091
-6.92834
-6.94993
-6.97176
-6.99185
-7.00875
-7.0214
-7.02997
-7.03523
-7.03996
-7.04015
-7.04006
-7.03955
-7.03649
-7.03069
-7.02209
-7.0084
-6.99106
-6.97303
-6.95119
-6.92711
-6.902
-6.87233
-6.84485
-6.81466
-6.78589
-6.76068
-6.74085
-6.72756
-6.72069
-6.72434
-6.73306
-6.75048
-6.77069
-6.79535
-6.82047
-6.84568
-6.87081
-6.89376
-6.91559
-6.93239
-6.94466
-6.9538
-6.95968
-6.96205
-6.96368
-6.96159
-6.96181
-6.95903
-6.95532
-6.95482
-6.95892
-6.9647
-6.97196
-6.98396
-6.99852
-7.01013
-7.01935
-7.01969
-7.01468
-6.9971
-6.97175
-6.94061
-6.90338
-6.8649
-6.82774
-6.79586
-6.77286
-6.75778
-6.75286
-6.75536
-6.76265
-6.77483
-6.79286
-6.81409
-6.83739
-6.85957
-6.88281
-6.90478
-6.92538
-6.94173
-6.95708
-6.97113
-6.98003
-6.98673
-6.99145
-6.99297
-6.99339
-6.99239
-6.98896
-6.98634
-6.97965
-6.97627
-6.97008
-6.96783
-6.96202
-6.95954
-6.95879
-6.95678
-6.95122
-6.9437
-6.93635
-6.92552
-6.91575
-6.90316
-6.89029
-6.87892
-6.8699
-6.86226
-6.85405
-6.85018
-6.84401
-6.83572
-6.82872
-6.82168
-6.81453
-6.81061
-6.81302
-6.8222
-6.83584
-6.85149
-6.87248
-6.8909
-6.91293
-6.93164
-6.94254
-6.94977
-6.95233
-6.94905
-6.94118
-6.93418
-6.93067
-6.92809
-6.92779
-6.92948
-6.93298
-6.94002
-6.95236
-6.96701
-6.98618
-7.00558
-7.02386
-7.03811
-7.04438
-7.04119
-7.03372
-7.01909
-7.00334
-6.98438
-6.96576
-6.94211
-6.92079
-6.89634
-6.87049
-6.84426
-6.81723
-6.79361
-6.77256
-6.75563
-6.7426
-6.73579
-6.73757
-6.74626
-6.76534
-6.78832
-6.81427
-6.84356
-6.87214
-6.89794
-6.91924
-6.93911
-6.95726
-6.97549
-6.99259
-7.0041
-7.01415
-7.01882
-7.0194
-7.01796
-7.01203
-7.00331
-6.99498
-6.98285
-6.96942
-6.95495
-6.94133
-6.92939
-6.91325
-6.89844
-6.8838
-6.87284
-6.86671
-6.86133
-6.85761
-6.85821
-6.86155
-6.8596
-6.86256
-6.86401
-6.86439
-6.8642
-6.86353
-6.86005
-6.85576
-6.85244
-6.84865
-6.84428
-6.84073
-6.83869
-6.84406
-6.85142
-6.86392
-6.87942
-6.89958
-6.92222
-6.94574
-6.96288
-6.97614
-6.98365
-6.9847
-6.97827
-6.96603
-6.9557
-6.9426
-6.93486
-6.9276
-6.92779
-6.92867
-6.93097
-6.9353
-6.94092
-6.94405
-6.9493
-6.95595
-6.95981
-6.96254
-6.95933
-6.95182
-6.9419
-6.92767
-6.91362
-6.90296
-6.8903
-6.8846
-6.88212
-6.87936
-6.87655
-6.87219
-6.86756
-6.85778
-6.84674
-6.83675
-6.8275
-6.8211
-6.81796
-6.81721
-6.82041
-6.82887
-6.83573
-6.84354
-6.85525
-6.86693
-6.88415
-6.90148
-6.92198
-6.93883
-6.95479
-6.96968
-6.97695
-6.97753
-6.97552
-6.96964
-6.96267
-6.9543
-6.94771
-6.94225
-6.93968
-6.93533
-6.93241
-6.9267
-6.91955
-6.90929
-6.89847
-6.89006
-6.87992
-6.86971
-6.86182
-6.85904
-6.86068
-6.8657
-6.87398
-6.88606
-6.89911
-6.91221
-6.91994
-6.9244
-6.92715
-6.92618
-6.91983
-6.91635
-6.91752
-6.92275
-6.92536
-6.93401
-6.94481
-6.96128
-6.97585
-6.98971
-7.00143
-7.01065
-7.01436
-7.01309
-7.00582
-6.99352
-6.97457
-6.95405
-6.93147
-6.90507
-6.87796
-6.85361
-6.83265
-6.81195
-6.79354
-6.77838
-6.76542
-6.75692
-6.75627
-6.76129
-6.77274
-6.78811
-6.80837
-6.82898
-6.85685
-6.88251
-6.91067
-6.93913
-6.96529
-6.98825
-7.00853
-7.02197
-7.0287
-7.02964
-7.02432
-7.01437
-6.99884
-6.98086
-6.9623
-6.94521
-6.93653
-6.93156
-6.93112
-6.93554
-6.93753
-6.93866
-6.94084
-6.94036
-6.93668
-6.9298
-6.92146
-6.91299
-6.90225
-6.89581
-6.88809
-6.88021
-6.87152
-6.86054
-6.84967
-6.84007
-6.835
-6.83277
-6.83862
-6.85321
-6.8783
-6.90363
-6.93234
-6.95605
-6.97407
-6.98301
-6.97999
-6.97288
-6.96091
-6.94667
-6.92946
-6.91513
-6.90524
-6.89926
-6.8991
-6.9066
-6.91454
-6.92499
-6.93055
-6.93239
-6.92898
-6.92149
-6.90863
-6.89792
-6.88719
-6.88088
-6.87735
-6.87429
-6.87526
-6.87844
-6.88226
-6.88754
-6.8976
-6.90726
-6.91591
-6.92509
-6.9338
-6.94371
-6.94555
-6.94477
-6.94056
-6.93165
-6.91945
-6.90571
-6.88776
-6.87369
-6.86641
-6.86731
-6.87563
-6.88892
-6.90977
-6.93596
-6.96139
-6.98185
-6.9974
-7.00541
-7.00646
-7.00024
-6.98602
-6.9682
-6.9453
-6.92052
-6.89397
-6.86568
-6.83693
-6.80877
-6.78411
-6.76823
-6.75845
-6.75846
-6.76907
-6.7871
-6.81423
-6.84334
-6.87587
-6.90705
-6.93337
-6.95065
-6.95803
-6.9567
-6.94596
-6.92465
-6.89752
-6.87044
-6.84406
-6.82556
-6.81578
-6.81492
-6.82481
-6.84217
-6.86685
-6.89784
-6.93063
-6.96269
-6.99252
-7.01829
-7.04001
-7.05492
-7.06421
-7.06261
-7.05644
-7.04488
-7.02461
-6.99983
-6.96994
-6.94124
-6.90945
-6.88234
-6.86603
-6.85453
-6.85574
-6.86418
-6.88063
-6.90242
-6.92493
-6.94609
-6.96327
-6.97249
-6.97134
-6.96345
-6.94586
-6.92068
-6.89421
-6.86683
-6.84075
-6.8163
-6.79386
-6.78083
-6.77608
-6.78257
-6.79697
-6.81871
-6.84767
-6.87828
-6.9112
-6.94208
-6.96995
-6.99502
-7.01333
-7.03012
-7.03987
-7.0388
-7.03528
-7.02728
-7.01554
-6.99763
-6.97447
-6.95151
-6.92183
-6.89581
-6.86877
-6.84803
-6.83062
-6.82023
-6.81797
-6.8237
-6.8373
-6.8562
-6.87892
-6.90203
-6.92552
-6.9436
-6.95403
-6.95827
-6.95528
-6.94992
-6.94107
-6.92914
-6.91998
-6.91547
-6.91628
-6.92294
-6.93605
-6.95017
-6.96225
-6.97429
-6.98053
-6.98208
-6.98048
-6.97562
-6.96984
-6.96339
-6.95584
-6.95188
-6.94841
-6.94587
-6.94489
-6.94118
-6.93623
-6.92564
-6.91191
-6.89387
-6.87292
-6.84749
-6.825
-6.80875
-6.79785
-6.79538
-6.80078
-6.811
-6.82255
-6.83426
-6.846
-6.85707
-6.86572
-6.87266
-6.87835
-6.8815
-6.88384
-6.88507
-6.88388
-6.88472
-6.88651
-6.89054
-6.89593
-6.90594
-6.91941
-6.93404
-6.94863
-6.9627
-6.97946
-6.99179
-7.00288
-7.00809
-7.00974
-7.01062
-7.00897
-7.00511
-6.99501
-6.98082
-6.96365
-6.93913
-6.91776
-6.89352
-6.87255
-6.85293
-6.83792
-6.82844
-6.82615
-6.82959
-6.84031
-6.85552
-6.87171
-6.88691
-6.90555
-6.91969
-6.93405
-6.94455
-6.95371
-6.95847
-6.96114
-6.95873
-6.95402
-6.94742
-6.94221
-6.93441
-6.93001
-6.92453
-6.91924
-6.91895
-6.91469
-6.91042
-6.90516
-6.89721
-6.89015
-6.88421
-6.87796
-6.87425
-6.86896
-6.86881
-6.86851
-6.87251
-6.87961
-6.88965
-6.90299
-6.91487
-6.92391
-6.93397
-6.93699
-6.93496
-6.92695
-6.91363
-6.89835
-6.8808
-6.86583
-6.85699
-6.8582
-6.86533
-6.87891
-6.89862
-6.92067
-6.94159
-6.96035
-6.97382
-6.9832
-6.98205
-6.97368
-6.95709
-6.9398
-6.91604
-6.89731
-6.88585
-6.88184
-6.88872
-6.90386
-6.9234
-6.94637
-6.96818
-6.98805
-6.99995
-7.00927
-7.01054
-7.0062
-6.99473
-6.97957
-6.96042
-6.93751
-6.91698
-6.89342
-6.87138
-6.85162
-6.83182
-6.81683
-6.80432
-6.79493
-6.79097
-6.79033
-6.7959
-6.8046
-6.8156
-6.82559
-6.83399
-6.84529
-6.85865
-6.87163
-6.88594
-6.90063
-6.9199
-6.93871
-6.9563
-6.97172
-6.98303
-6.98943
-6.98975
-6.98398
-6.97106
-6.95485
-6.93377
-6.91045
