-5.50401
-5.4973
-5.48605
-5.4667
-5.44153
-5.41344
-5.38314
-5.35288
-5.31989
-5.28607
-5.25004
-5.21204
-5.17521
-5.14434
-5.12559
-5.12024
-5.12869
-5.14567
-5.16673
-5.18554
-5.19947
-5.20492
-5.20307
-5.1957
-5.18851
-5.18602
-5.18812
-5.19145
-5.19346
-5.19252
-5.18927
-5.18579
-5.18205
-5.17806
-5.17488
-5.1709
-5.16772
-5.16247
-5.15863
-5.15516
-5.15065
-5.14687
-5.1446
-5.14276
-5.14385
-5.14914
-5.15943
-5.17479
-5.19423
-5.21639
-5.24217
-5.26844
-5.29453
-5.31756
-5.33692
-5.35298
-5.36604
-5.37841
-5.39012
-5.40252
-5.41519
-5.42758
-5.43804
-5.44518
-5.44852
-5.44947
-5.44594
-5.43998
-5.43182
-5.41972
-5.40718
-5.39242
-5.37612
-5.3606
-5.34566
-5.33208
-5.32156
-5.31158
-5.30152
-5.29012
-5.27636
-5.26066
-5.24354
-5.22785
-5.21463
-5.20491
-5.20082
-5.20342
-5.21027
-5.21965
-5.22894
-5.23636
-5.2453
-5.25498
-5.26697
-5.27657
-5.28118
-5.27984
-5.27385
-5.26279
-5.2481
-5.23141
-5.21337
-5.19368
-5.1759
-5.16075
-5.14891
-5.14352
-5.14251
-5.14618
-5.1524
-5.16077
-5.17091
-5.18304
-5.19774
-5.21712
-5.23824
-5.26135
-5.28143
-5.29758
-5.30588
-5.30759
-5.30458
-5.29824
-5.29351
-5.29082
-5.28799
-5.28619
-5.28661
-5.28774
-5.2869
-5.28427
-5.27667
-5.26716
-5.25412
-5.24105
-5.22947
-5.21944
-5.21436
-5.21351
-5.21792
-5.2251
-5.23548
-5.24778
-5.26087
-5.27279
-5.28009
-5.28381
-5.28531
-5.28479
-5.28407
-5.28437
-5.28564
-5.28867
-5.28883
-5.28735
-5.28384
-5.2768
-5.26896
-5.25955
-5.25176
-5.24533
-5.24116
-5.23874
-5.23799
-5.23704
-5.23701
-5.23599
-5.23377
-5.23065
-5.22779
-5.22214
-5.21522
-5.20647
-5.19533
-5.18343
-5.17191
-5.16412
-5.16181
-5.16757
-5.17956
-5.19682
-5.21617
-5.23585
-5.25147
-5.2625
-5.26694
-5.26658
-5.26104
-5.25074
-5.23797
-5.22314
-5.2075
-5.19425
-5.1842
-5.17834
-5.17734
-5.17963
-5.18574
-5.19241
-5.19855
-5.19864
-5.19169
-5.17784
-5.16316
-5.15271
-5.15051
-5.1596
-5.17349
-5.18725
-5.19773
-5.20432
-5.20826
-5.2122
-5.21398
-5.21527
-5.214
-5.21219
-5.20894
-5.20496
-5.20128
-5.20163
-5.20459
-5.21282
-5.22619
-5.24264
-5.25942
-5.2741
-5.28655
-5.29353
-5.29636
-5.29428
-5.28931
-5.28206
-5.27384
-5.26639
-5.26062
-5.25749
-5.25933
-5.26298
-5.26743
-5.27371
-5.27674
-5.27729
-5.27403
-5.26573
-5.25538
-5.24211
-5.22531
-5.20744
-5.18896
-5.1729
-5.16275
-5.15885
-5.16373
-5.17483
-5.19126
-5.20797
-5.22281
-5.23424
-5.24241
-5.2471
-5.25001
-5.25026
-5.24936
-5.24537
-5.23933
-5.23263
-5.22357
-5.21461
-5.20452
-5.19473
-5.18633
-5.17865
-5.17392
-5.17165
-5.17204
-5.17566
-5.18149
-5.19127
-5.20359
-5.21704
-5.22956
-5.24055
-5.24694
-5.2517
-5.25508
-5.25441
-5.25343
-5.25171
-5.24879
-5.24668
-5.24479
-5.24354
-5.24237
-5.24014
-5.23735
-5.23318
-5.22857
-5.22313
-5.21714
-5.20951
-5.2017
-5.19475
-5.1858
-5.17814
-5.17327
-5.17321
-5.17583
-5.18269
-5.192
-5.20343
-5.213
-5.21964
-5.22133
-5.2194
-5.21371
-5.20725
-5.20222
-5.19802
-5.1974
-5.19988
-5.20516
-5.21125
-5.21706
-5.22131
-5.22602
-5.22928
-5.23096
-5.23245
-5.23203
-5.23097
-5.22838
-5.22437
-5.21784
-5.20995
-5.2021
-5.19574
-5.1928
-5.19513
-5.20322
-5.21322
-5.22377
-5.2335
-5.23772
-5.23931
-5.23658
-5.23008
-5.21986
-5.20837
-5.19715
-5.1866
-5.18003
-5.17635
-5.17524
-5.17515
-5.17524
-5.17363
-5.17294
-5.17429
-5.17769
-5.18474
-5.19277
-5.20025
-5.20559
-5.20659
-5.20398
-5.19907
-5.19086
-5.18162
-5.17452
-5.17169
-5.17291
-5.17658
-5.18227
-5.18446
-5.18409
-5.17876
-5.17125
-5.16345
-5.15824
-5.15643
-5.15795
-5.16281
-5.17034
-5.17942
-5.18904
-5.19959
-5.21037
-5.21876
-5.22353
-5.22592
-5.22323
-5.2165
-5.20607
-5.19217
-5.1755
-5.15767
-5.14159
-5.12728
-5.11857
-5.11562
-5.1196
-5.13051
-5.14473
-5.16189
-5.17963
-5.19633
-5.21058
-5.22224
-5.22954
-5.23312
-5.23417
-5.23366
-5.23282
-5.23396
-5.23911
-5.25022
-5.26732
-5.2884
-5.31252
-5.33565
-5.35656
-5.37296
-5.38266
-5.38663
-5.38417
-5.37442
-5.3602
-5.34248
-5.32719
-5.31182
-5.30079
-5.29222
-5.28338
-5.27283
-5.26224
-5.25123
-5.24143
-5.23202
-5.22433
-5.21699
-5.20955
-5.2015
-5.19546
-5.19072
-5.18812
-5.18708
-5.18646
-5.18687
-5.18653
-5.18311
-5.17608
-5.16802
-5.15867
-5.14938
-5.14209
-5.13952
-5.14206
-5.15005
-5.16148
-5.17401
-5.18589
-5.1918
-5.19287
-5.18577
-5.17406
-5.15985
-5.14703
-5.13736
-5.1354
-5.1397
-5.15133
-5.16898
-5.19405
-5.22499
-5.25588
-5.286
-5.31132
-5.32836
-5.33581
-5.33303
-5.32244
-5.3043
-5.2806
-5.25553
-5.23384
-5.21347
-5.19898
-5.18968
-5.18393
-5.18184
-5.18291
-5.18311
-5.18163
-5.1759
-5.16576
-5.15012
-5.13169
-5.11077
-5.09192
-5.07776
-5.07155
-5.07443
-5.08545
-5.10437
-5.12789
-5.15418
-5.17956
-5.20132
-5.2192
-5.23313
-5.24065
-5.24378
-5.24406
-5.24282
-5.24077
-5.2396
-5.24175
-5.24455
-5.2464
-5.24771
-5.24609
-5.24312
-5.23919
-5.2354
-5.23269
-5.23114
-5.23119
-5.23202
-5.23208
-5.23211
-5.22995
-5.22834
-5.22508
-5.22181
-5.21632
-5.20834
-5.19862
-5.18493
-5.16947
-5.15417
-5.14455
-5.14138
-5.14581
-5.15728
-5.17248
-5.18865
-5.20319
-5.21574
-5.22617
-5.23016
-5.22799
-5.21919
-5.2058
-5.19211
-5.18024
-5.17255
-5.17002
-5.17094
-5.17494
-5.18074
-5.18756
-5.19228
-5.19496
-5.19608
-5.19598
-5.1941
-5.19479
-5.19547
-5.19639
-5.19932
-5.19971
-5.19793
-5.19586
-5.19508
-5.19577
-5.19827
-5.204
-5.2109
-5.22149
-5.23114
-5.23752
-5.24175
-5.24093
-5.23318
-5.22135
-5.20664
-5.19282
-5.18225
-5.17568
-5.1752
-5.17966
-5.18866
-5.20024
-5.21223
-5.22439
-5.23512
-5.24473
-5.25202
-5.25774
-5.26321
-5.2686
-5.26933
-5.26735
-5.26089
-5.2506
-5.23557
-5.22033
-5.20499
-5.1916
-5.18045
-5.17208
-5.16766
-5.16587
-5.16686
-5.16685
-5.16538
-5.16218
-5.1562
-5.14819
-5.1407
-5.13327
-5.12802
-5.12659
-5.13089
-5.14149
-5.15969
-5.18246
-5.2071
-5.23144
-5.25049
-5.26643
-5.2793
-5.28692
-5.29104
-5.29388
-5.29584
-5.2975
-5.29785
-5.29603
-5.29057
-5.28146
-5.26928
-5.25355
-5.23647
-5.22145
-5.2109
-5.20588
-5.20672
-5.21322
-5.22305
-5.23452
-5.24582
-5.25502
-5.26228
-5.26515
-5.26383
-5.25994
-5.25622
-5.25421
-5.25581
-5.25964
-5.26412
-5.26781
-5.27038
-5.26879
-5.26189
-5.25159
-5.23732
-5.22311
-5.20992
-5.19871
-5.1892
-5.18032
-5.17299
-5.1647
-5.15765
-5.14827
-5.13992
-5.13344
-5.13072
-5.12963
-5.13241
-5.13646
-5.14322
-5.15135
-5.16061
-5.17255
-5.18633
-5.20063
-5.21471
-5.22689
-5.23672
-5.24371
-5.24822
-5.25145
-5.25116
-5.2516
-5.25335
-5.25444
-5.25605
-5.2561
-5.25413
-5.24902
-5.23937
-5.22552
-5.20991
-5.195
-5.1818
-5.17324
-5.16854
-5.1691
-5.17099
-5.17502
-5.18072
-5.18574
-5.19046
-5.19533
-5.19949
-5.20484
-5.21062
-5.21637
-5.21927
-5.22254
-5.22525
-5.22691
-5.22763
-5.22765
-5.22866
-5.23059
-5.23231
-5.23681
-5.24271
-5.24901
-5.25682
-5.26397
-5.26876
-5.273
-5.27523
-5.27746
-5.27841
-5.28047
-5.28346
-5.28788
-5.2912
-5.29361
-5.29404
-5.28962
-5.28186
-5.27058
-5.25794
-5.24603
-5.23769
-5.23435
-5.23285
-5.22972
-5.22637
-5.22158
-5.21667
-5.21054
-5.20728
-5.20471
-5.20181
-5.19944
-5.19601
-5.19156
-5.18477
-5.17522
-5.1638
-5.1501
-5.13644
-5.12262
-5.11141
-5.10403
-5.1025
-5.10565
-5.11204
-5.12231
-5.13555
-5.14862
-5.16145
-5.17299
-5.18191
-5.18681
-5.19026
-5.19158
-5.18971
-5.18478
-5.18147
-5.17526
-5.17025
-5.16443
-5.15791
-5.15025
-5.13918
-5.12853
-5.11814
-5.11147
-5.1085
-5.11011
-5.11497
-5.12006
-5.12607
-5.13195
-5.13874
-5.14716
-5.15752
-5.17397
-5.19376
-5.21676
-5.24055
-5.26298
-5.28148
-5.29441
-5.30112
-5.30065
-5.29551
-5.28515
-5.26979
-5.25226
-5.23465
-5.21935
-5.21042
-5.20554
-5.20681
-5.21021
-5.21306
-5.21548
-5.21794
-5.22076
-5.22485
-5.2316
-5.23698
-5.24388
-5.24854
-5.25233
-5.25465
-5.2579
-5.26248
-5.26794
-5.27215
-5.27574
-5.27679
-5.27418
-5.26716
-5.25433
-5.23704
-5.21629
-5.19592
-5.18267
-5.17727
-5.1773
-5.17656
-5.1751
-5.17275
-5.17374
-5.17828
-5.18538
-5.19553
-5.20731
-5.21525
-5.21848
-5.21657
-5.21066
-5.20382
-5.19695
-5.19097
-5.18814
-5.18609
-5.18381
-5.18109
-5.17782
-5.17282
-5.16773
-5.16372
-5.16331
-5.16897
-5.18167
-5.2011
-5.22268
-5.24362
-5.26158
-5.27432
-5.27885
-5.27755
-5.26887
-5.25352
-5.23519
-5.21706
-5.20466
-5.19814
-5.19899
-5.20577
-5.2177
-5.23045
-5.2425
-5.25068
-5.25372
-5.25178
-5.24607
-5.24022
-5.23328
-5.2255
-5.2179
-5.21143
-5.20182
-5.19132
-5.18001
-5.16779
-5.15828
-5.15376
-5.15656
-5.16744
-5.18307
-5.20345
-5.22478
-5.24396
-5.25939
-5.27164
-5.27788
-5.2805
-5.27938
-5.27188
-5.26146
-5.25355
-5.24735
-5.24492
-5.24975
-5.2581
-5.27011
-5.28471
-5.29945
-5.31341
-5.32513
-5.33492
-5.34232
-5.34813
-5.35215
-5.35402
-5.35251
-5.34789
-5.34457
-5.33994
-5.33902
-5.33952
-5.34061
-5.33997
-5.33704
-5.33349
-5.32722
-5.31849
-5.30973
-5.303
-5.29718
-5.29233
-5.28735
-5.27986
-5.2684
-5.25278
-5.23297
-5.20958
-5.18358
-5.15846
-5.13648
-5.1216
-5.11571
-5.11758
-5.12857
-5.14418
-5.16319
-5.18589
-5.20708
-5.22591
-5.24207
-5.24976
-5.24857
-5.23708
-5.21595
-5.18938
-5.1598
-5.13405
-5.11852
-5.11664
-5.12776
-5.1477
-5.17012
-5.18998
-5.20797
-5.22057
-5.23061
-5.23865
-5.24591
-5.25255
-5.25708
-5.25783
-5.25163
-5.23891
-5.22229
-5.20455
