1.64986
1.6448
1.63325
1.6148
1.59039
1.562
1.53171
1.50069
1.46876
1.43493
1.3986
1.3606
1.32393
1.29351
1.27446
1.26941
1.27711
1.29347
1.31347
1.33213
1.3453
1.3506
1.34815
1.34093
1.33374
1.33065
1.33229
1.33592
1.33809
1.33715
1.33375
1.32952
1.32563
1.32224
1.31891
1.31523
1.31114
1.30695
1.30296
1.29934
1.29604
1.29301
1.29044
1.28905
1.29015
1.29514
1.30497
1.31989
1.33947
1.36284
1.38862
1.41504
1.44037
1.46325
1.48291
1.49928
1.51294
1.52501
1.53672
1.54882
1.56119
1.57297
1.58312
1.59072
1.59512
1.59592
1.59299
1.58658
1.57721
1.56557
1.55227
1.53781
1.52257
1.50705
1.49211
1.47883
1.46771
1.45803
1.44812
1.43642
1.42236
1.40651
1.39014
1.3749
1.36244
1.35424
1.35135
1.35396
1.36095
1.37018
1.37947
1.38794
1.39658
1.40686
1.4184
1.4283
1.43336
1.43218
1.42528
1.41392
1.39923
1.38209
1.36345
1.34451
1.32673
1.31174
1.30095
1.29526
1.2947
1.29837
1.30489
1.31311
1.32279
1.33462
1.34963
1.36825
1.38982
1.41233
1.43286
1.4484
1.45686
1.45796
1.45374
1.44756
1.44222
1.43863
1.43641
1.43521
1.43502
1.43539
1.43501
1.43222
1.42583
1.41573
1.40298
1.38946
1.37728
1.36816
1.36308
1.36238
1.36604
1.37367
1.3845
1.39725
1.41019
1.4215
1.42971
1.43419
1.43539
1.43472
1.434
1.43445
1.43617
1.43814
1.4389
1.43727
1.43286
1.42612
1.41798
1.40962
1.40214
1.39632
1.39245
1.39033
1.38943
1.38908
1.3886
1.38743
1.38521
1.38178
1.37711
1.37116
1.36378
1.35473
1.34405
1.33245
1.32168
1.31419
1.31234
1.3175
1.32949
1.3466
1.36609
1.38501
1.40078
1.41166
1.41686
1.41635
1.41066
1.40066
1.38744
1.37231
1.35682
1.34281
1.33201
1.3257
1.3244
1.32774
1.33445
1.34218
1.34772
1.34781
1.34055
1.32701
1.31172
1.30113
1.29983
1.30771
1.3207
1.33385
1.34402
1.35062
1.3547
1.35759
1.35982
1.36111
1.3609
1.35894
1.35554
1.35156
1.34833
1.34748
1.35059
1.35867
1.37158
1.38788
1.40512
1.4207
1.43269
1.44013
1.44296
1.44163
1.43681
1.42942
1.42075
1.41255
1.40662
1.40425
1.40563
1.40988
1.41539
1.42046
1.42364
1.42389
1.42063
1.41369
1.40319
1.38947
1.37312
1.3551
1.33693
1.32087
1.30966
1.30576
1.31019
1.32189
1.33801
1.35503
1.37001
1.38145
1.38916
1.39386
1.39631
1.39686
1.39551
1.39212
1.38684
1.37999
1.37183
1.36257
1.35248
1.34225
1.33294
1.32556
1.32067
1.3184
1.31895
1.32272
1.33006
1.34075
1.35367
1.36712
1.37949
1.38972
1.39747
1.40269
1.40546
1.406
1.40472
1.40224
1.39933
1.39661
1.39442
1.39271
1.39109
1.38901
1.38607
1.38206
1.37699
1.3711
1.3645
1.35717
1.34906
1.3403
1.33149
1.32384
1.31882
1.3177
1.32108
1.32854
1.33875
1.34973
1.3593
1.36563
1.36778
1.36585
1.36092
1.35476
1.34927
1.34598
1.34566
1.34829
1.35313
1.35906
1.36502
1.37018
1.37413
1.37679
1.37831
1.3789
1.37863
1.37742
1.37498
1.37097
1.36519
1.35791
1.35021
1.344
1.34152
1.3443
1.35209
1.36284
1.37369
1.38221
1.38704
1.38788
1.38499
1.37879
1.36978
1.35874
1.34722
1.33728
1.33056
1.32733
1.32637
1.32598
1.32501
1.32341
1.32211
1.32255
1.3258
1.33195
1.33982
1.34746
1.35279
1.35439
1.35178
1.34552
1.337
1.32822
1.32127
1.31784
1.3186
1.32272
1.32796
1.33151
1.33129
1.32687
1.31967
1.31217
1.30681
1.305
1.30697
1.31213
1.31967
1.32889
1.33927
1.35013
1.36045
1.36899
1.37451
1.37615
1.37361
1.36703
1.35675
1.34315
1.32694
1.30941
1.29258
1.27888
1.27047
1.26858
1.27315
1.28316
1.29708
1.31333
1.33046
1.34701
1.36156
1.37292
1.38038
1.38395
1.3844
1.38314
1.382
1.38314
1.38859
1.39971
1.41665
1.43818
1.46199
1.48543
1.50603
1.52198
1.53213
1.5358
1.53274
1.52329
1.50877
1.4915
1.4744
1.45979
1.44845
1.43943
1.4309
1.4214
1.41065
1.3995
1.38909
1.38013
1.37244
1.36526
1.35797
1.35068
1.34419
1.33944
1.337
1.33671
1.33775
1.33876
1.33827
1.33516
1.32903
1.32037
1.31041
1.30098
1.29414
1.29172
1.29471
1.30286
1.31459
1.32741
1.33839
1.3449
1.34521
1.33902
1.32762
1.31371
1.30074
1.29183
1.28912
1.29356
1.30535
1.3242
1.34927
1.37885
1.41019
1.43985
1.46442
1.48116
1.48846
1.48598
1.47464
1.45635
1.43371
1.40954
1.38649
1.36673
1.35163
1.34173
1.33673
1.33555
1.33647
1.33742
1.33624
1.33112
1.32097
1.30579
1.28676
1.26628
1.2476
1.23403
1.22813
1.23102
1.24233
1.26065
1.28387
1.3094
1.33447
1.35669
1.37442
1.38699
1.39451
1.39764
1.39746
1.39547
1.39342
1.39285
1.3944
1.39735
1.4001
1.40111
1.39965
1.39607
1.39154
1.38744
1.38474
1.38364
1.38369
1.38406
1.38412
1.38354
1.38229
1.38038
1.37772
1.374
1.36866
1.36098
1.35036
1.33682
1.32151
1.30697
1.2966
1.29327
1.29786
1.30888
1.32346
1.33903
1.35387
1.36672
1.37609
1.38023
1.37791
1.36926
1.35618
1.34188
1.32972
1.32187
1.3189
1.32011
1.32427
1.32991
1.33567
1.34039
1.34338
1.34465
1.34485
1.34493
1.34563
1.34706
1.34874
1.34986
1.34978
1.34847
1.34654
1.34516
1.34555
1.34851
1.35424
1.36234
1.37188
1.38137
1.38896
1.39273
1.39131
1.38431
1.37264
1.35839
1.34442
1.33354
1.32758
1.3271
1.33171
1.34041
1.35183
1.36443
1.37674
1.38777
1.39723
1.40527
1.4122
1.41797
1.422
1.42334
1.42105
1.4146
1.40416
1.39063
1.37539
1.36006
1.34621
1.33506
1.3273
1.32288
1.32109
1.32071
1.3204
1.31894
1.31558
1.3102
1.30325
1.29562
1.28849
1.28339
1.28211
1.28641
1.29732
1.3146
1.33662
1.36081
1.38439
1.4051
1.4215
1.43316
1.44063
1.44505
1.44774
1.4497
1.45121
1.45171
1.45004
1.44488
1.43546
1.42208
1.4062
1.39003
1.37591
1.36582
1.36094
1.36164
1.36738
1.37691
1.38837
1.39967
1.40887
1.41462
1.41643
1.41482
1.41123
1.40766
1.40596
1.4071
1.41078
1.41571
1.42001
1.42182
1.41978
1.41333
1.40288
1.38967
1.37545
1.36197
1.3503
1.34064
1.33237
1.32458
1.31659
1.30818
1.2997
1.29196
1.28594
1.28246
1.28182
1.28385
1.28805
1.29405
1.30188
1.31175
1.32368
1.33717
1.35116
1.36448
1.37621
1.38574
1.39273
1.39708
1.39911
1.39972
1.40002
1.40086
1.4024
1.40401
1.40451
1.40254
1.39698
1.38733
1.37409
1.35877
1.34357
1.33067
1.32166
1.3171
1.31661
1.3191
1.32328
1.32808
1.33294
1.33781
1.34284
1.34821
1.35386
1.35948
1.36464
1.3689
1.37201
1.37397
1.37502
1.3756
1.37622
1.37738
1.37946
1.38269
1.38719
1.39294
1.3997
1.4069
1.41375
1.41944
1.42353
1.42606
1.42754
1.42879
1.43055
1.43323
1.43675
1.44037
1.44293
1.44305
1.43954
1.43194
1.42096
1.40862
1.39762
1.39003
1.38624
1.38474
1.38327
1.38022
1.37543
1.36992
1.36485
1.36067
1.3572
1.354
1.35072
1.34699
1.34224
1.33575
1.32696
1.31569
1.30244
1.28833
1.27496
1.26405
1.25713
1.25514
1.2583
1.26605
1.27722
1.29031
1.30383
1.31651
1.32745
1.33606
1.34202
1.34517
1.34559
1.34357
1.33969
1.33472
1.32941
1.3241
1.31844
1.31161
1.3029
1.29228
1.28087
1.27064
1.26351
1.26069
1.262
1.26626
1.27195
1.27796
1.284
1.29064
1.29906
1.31063
1.32631
1.34611
1.3688
1.39229
1.41411
1.43216
1.44494
1.45165
1.45209
1.44649
1.43552
1.42032
1.40264
1.38488
1.36974
1.35944
1.35487
1.35508
1.35787
1.36102
1.36344
1.36544
1.36811
1.37221
1.37774
1.38403
1.39018
1.39544
1.39954
1.40276
1.40586
1.40953
1.41394
1.41845
1.42189
1.42293
1.42032
1.413
1.40033
1.38258
1.36199
1.34298
1.33018
1.32493
1.32435
1.32437
1.32306
1.32132
1.3214
1.32518
1.33304
1.34364
1.35452
1.36291
1.36674
1.36529
1.35953
1.35178
1.34461
1.33954
1.33655
1.33466
1.33283
1.33041
1.32699
1.32245
1.31735
1.31335
1.31294
1.31845
1.33084
1.34921
1.37095
1.39264
1.41105
1.42364
1.42892
1.42641
1.41668
1.40132
1.383
1.36517
1.35142
1.34445
1.34529
1.35297
1.36505
1.37841
1.39016
1.39818
1.40153
1.40035
1.39569
1.38909
1.38185
1.37467
1.36753
1.35984
1.35084
1.34003
1.32782
1.31575
1.30639
1.30248
1.30589
1.31676
1.3336
1.35383
1.3747
1.39388
1.40976
1.42142
1.42841
1.43057
1.42794
1.4212
1.41199
1.40287
1.39653
1.395
1.39908
1.40818
1.42079
1.43509
1.44952
1.46304
1.47505
1.4853
1.49361
1.49972
1.50328
1.50409
1.50229
1.49857
1.4942
1.49062
1.4888
1.48869
1.48932
1.48929
1.48742
1.48311
1.47654
1.46857
1.46056
1.45368
1.44831
1.44377
1.43863
1.43129
1.42044
1.40528
1.38562
1.36208
1.33623
1.31066
1.28868
1.27349
1.26716
1.26993
1.28047
1.29668
1.31644
1.33794
1.35942
1.37886
1.39381
1.40179
1.40076
1.38972
1.3692
1.34172
1.312
1.2864
1.27117
1.26975
1.28117
1.30095
1.32352
1.34444
1.36137
1.37413
1.38401
1.39265
1.40082
1.40791
1.41229
1.41213
1.40624
1.39458
1.37856
1.36067
