1.0999
1.09654
1.08883
1.07654
1.06026
1.04133
1.02114
1.00046
0.979171
0.956621
0.932398
0.907066
0.882618
0.862342
0.84964
0.846275
0.851403
0.862314
0.875647
0.888086
0.896868
0.900401
0.89877
0.893955
0.889163
0.887102
0.888196
0.890617
0.892059
0.891433
0.889167
0.886347
0.883752
0.881493
0.879274
0.876818
0.874095
0.871298
0.868643
0.86623
0.86403
0.86201
0.860293
0.859369
0.8601
0.863426
0.869982
0.879923
0.892982
0.908559
0.925744
0.943357
0.960248
0.975498
0.988607
0.999517
1.00863
1.01667
1.02448
1.03254
1.04079
1.04865
1.05542
1.06048
1.06341
1.06395
1.062
1.05772
1.05147
1.04371
1.03485
1.02521
1.01505
1.0047
0.994743
0.98589
0.978475
0.972021
0.965416
0.957614
0.94824
0.937671
0.926762
0.916602
0.908295
0.902824
0.900899
0.902637
0.9073
0.913455
0.919648
0.925296
0.931056
0.937909
0.945599
0.952201
0.955576
0.954787
0.950185
0.942614
0.932819
0.92139
0.908964
0.896338
0.884486
0.874491
0.8673
0.863506
0.863131
0.865581
0.869926
0.875404
0.881862
0.88975
0.899752
0.91217
0.926548
0.941552
0.955243
0.965603
0.971239
0.971976
0.969162
0.965041
0.961482
0.959088
0.957604
0.956807
0.956682
0.956928
0.956675
0.954817
0.950555
0.943818
0.935321
0.926306
0.918186
0.912106
0.90872
0.908256
0.910692
0.915778
0.922998
0.931501
0.940129
0.947668
0.953139
0.956127
0.956923
0.956481
0.955998
0.9563
0.957447
0.958761
0.959269
0.95818
0.955242
0.950744
0.945321
0.93975
0.934761
0.930878
0.928297
0.926884
0.926285
0.926053
0.92573
0.924952
0.923471
0.921188
0.918075
0.914107
0.909186
0.903155
0.896033
0.888301
0.881121
0.87613
0.874896
0.878335
0.886326
0.897732
0.910729
0.923341
0.933856
0.941109
0.944572
0.944231
0.940441
0.933775
0.924962
0.914871
0.904547
0.895209
0.888006
0.883797
0.882932
0.885163
0.889634
0.894785
0.898478
0.898538
0.893703
0.884672
0.874481
0.86742
0.866553
0.871807
0.880464
0.889232
0.896014
0.90041
0.903136
0.90506
0.906546
0.907407
0.907269
0.905961
0.903693
0.90104
0.898888
0.898317
0.900396
0.905779
0.914387
0.925255
0.936744
0.947134
0.955129
0.960086
0.961972
0.961087
0.957876
0.952944
0.947165
0.941698
0.937747
0.936163
0.937089
0.939922
0.943596
0.946975
0.949095
0.949262
0.947088
0.94246
0.935457
0.926313
0.915412
0.9034
0.891285
0.880577
0.873108
0.870506
0.87346
0.881263
0.892009
0.90335
0.913341
0.920965
0.926109
0.929237
0.930871
0.931243
0.930338
0.92808
0.924558
0.919991
0.914557
0.908382
0.901655
0.89483
0.888623
0.883706
0.880448
0.878935
0.879302
0.881811
0.886708
0.893833
0.902447
0.911415
0.919658
0.926481
0.931645
0.935124
0.936974
0.937333
0.936479
0.934829
0.932885
0.931073
0.929615
0.928474
0.927391
0.926006
0.924048
0.92137
0.917995
0.914065
0.909665
0.90478
0.899371
0.893531
0.887663
0.882561
0.879214
0.878469
0.880717
0.885694
0.892503
0.899821
0.906197
0.910423
0.911852
0.910563
0.907278
0.903173
0.899514
0.897319
0.89711
0.898862
0.902084
0.906042
0.910014
0.913452
0.916086
0.917861
0.918876
0.919265
0.919086
0.918278
0.916653
0.913979
0.910126
0.905272
0.90014
0.896
0.894347
0.896201
0.901393
0.908562
0.915793
0.921476
0.924694
0.925251
0.923324
0.919194
0.913188
0.905828
0.898148
0.891518
0.887041
0.884886
0.884247
0.883989
0.88334
0.882271
0.881407
0.881702
0.88387
0.887966
0.893216
0.898304
0.901863
0.902928
0.901189
0.897011
0.891337
0.885481
0.88085
0.87856
0.879067
0.881815
0.885308
0.887675
0.88753
0.884581
0.879777
0.874779
0.871206
0.870001
0.871314
0.874755
0.879778
0.885928
0.892845
0.900084
0.906964
0.912659
0.916339
0.917431
0.915737
0.911355
0.904498
0.895435
0.884627
0.87294
0.861719
0.852584
0.846978
0.845717
0.848768
0.855441
0.864719
0.875555
0.886974
0.898007
0.907706
0.915278
0.920251
0.922632
0.922936
0.922094
0.921333
0.922091
0.925724
0.933137
0.944432
0.958785
0.974662
0.990284
1.00402
1.01465
1.02142
1.02387
1.02183
1.01553
1.00585
0.994335
0.982933
0.973195
0.965635
0.959618
0.953931
0.947598
0.940436
0.932997
0.92606
0.92009
0.914963
0.910172
0.905312
0.90045
0.896125
0.892963
0.891332
0.891139
0.891832
0.892509
0.892178
0.890104
0.886022
0.880245
0.873608
0.867318
0.862762
0.861147
0.863142
0.868572
0.876393
0.88494
0.892259
0.896598
0.896807
0.892679
0.885078
0.875807
0.867157
0.861221
0.859411
0.862375
0.870233
0.882799
0.899512
0.919231
0.940129
0.959903
0.976281
0.98744
0.992304
0.990652
0.983091
0.970898
0.955804
0.939692
0.924327
0.911151
0.901088
0.894489
0.891156
0.890369
0.89098
0.891616
0.890829
0.887412
0.880649
0.870525
0.857838
0.84419
0.831731
0.822688
0.818754
0.820677
0.828219
0.840431
0.855911
0.872932
0.889648
0.904461
0.916279
0.924657
0.929673
0.931758
0.931642
0.930314
0.928948
0.928568
0.929599
0.931567
0.933403
0.934076
0.933098
0.93071
0.927694
0.924962
0.923158
0.922427
0.922457
0.922709
0.922746
0.922362
0.92153
0.920257
0.918482
0.916001
0.912441
0.907321
0.900239
0.891211
0.881007
0.871315
0.864399
0.86218
0.865239
0.872584
0.882307
0.892688
0.902579
0.911146
0.917394
0.920156
0.918608
0.912841
0.904118
0.89459
0.886478
0.88125
0.879264
0.880074
0.882844
0.886609
0.890447
0.893595
0.895588
0.896434
0.896567
0.896621
0.897085
0.898042
0.899159
0.899904
0.899856
0.898978
0.897697
0.896775
0.897031
0.899004
0.902826
0.908228
0.914584
0.920912
0.925973
0.928486
0.927537
0.922875
0.915092
0.905591
0.896278
0.889027
0.885052
0.884735
0.887806
0.893605
0.901219
0.909617
0.917824
0.925182
0.931485
0.936848
0.941469
0.945317
0.948
0.94889
0.947366
0.943064
0.936106
0.92709
0.916929
0.906708
0.897474
0.890041
0.884865
0.881922
0.880725
0.880477
0.880267
0.879291
0.877055
0.873468
0.868836
0.863744
0.858993
0.855591
0.85474
0.857605
0.86488
0.876402
0.891083
0.907204
0.922926
0.936731
0.947664
0.955438
0.960417
0.963365
0.965159
0.966464
0.967471
0.967806
0.966694
0.963252
0.956975
0.948053
0.937468
0.926686
0.917276
0.910544
0.907296
0.90776
0.911589
0.91794
0.925583
0.933116
0.939248
0.94308
0.944288
0.943212
0.94082
0.93844
0.937304
0.938064
0.940521
0.943806
0.946672
0.947881
0.946518
0.942221
0.93525
0.926443
0.916968
0.907978
0.9002
0.893758
0.888244
0.883056
0.877727
0.872121
0.866469
0.861309
0.857294
0.854972
0.85455
0.855898
0.858699
0.862703
0.867918
0.8745
0.882455
0.891444
0.900771
0.909654
0.917475
0.923828
0.928487
0.931388
0.932742
0.933148
0.933346
0.933904
0.934932
0.936008
0.93634
0.935028
0.931323
0.924889
0.91606
0.90585
0.895712
0.887113
0.881106
0.878069
0.877742
0.879403
0.882187
0.885386
0.88863
0.891874
0.895228
0.898806
0.902571
0.906323
0.909757
0.912598
0.914676
0.915978
0.916681
0.917064
0.917477
0.918252
0.919639
0.921794
0.924793
0.928626
0.933131
0.937934
0.9425
0.946295
0.949022
0.950707
0.951695
0.952525
0.953697
0.955488
0.957831
0.960244
0.961953
0.962037
0.959695
0.954625
0.947306
0.939082
0.931744
0.926687
0.92416
0.923161
0.922178
0.920144
0.916952
0.913279
0.909899
0.907116
0.904798
0.902669
0.900481
0.897994
0.894826
0.890501
0.884638
0.877125
0.868291
0.858887
0.849973
0.842701
0.838084
0.836761
0.838866
0.844031
0.85148
0.860206
0.869221
0.877675
0.884965
0.890707
0.894677
0.896778
0.897058
0.895711
0.893124
0.889815
0.886276
0.882733
0.878959
0.874406
0.868598
0.861517
0.853915
0.847091
0.842343
0.84046
0.841335
0.844172
0.847969
0.85197
0.855997
0.860424
0.866038
0.873751
0.884208
0.897404
0.912535
0.928193
0.942741
0.954773
0.963292
0.967766
0.968057
0.964329
0.957015
0.946882
0.935095
0.923255
0.913157
0.906294
0.903244
0.903385
0.905246
0.907349
0.908958
0.910295
0.912075
0.914808
0.918496
0.92269
0.926785
0.930296
0.933025
0.935175
0.937237
0.939689
0.942625
0.945632
0.947925
0.948621
0.946881
0.942
0.933551
0.921717
0.907991
0.895321
0.886786
0.88329
0.8829
0.882914
0.882038
0.880877
0.880933
0.883455
0.888692
0.895759
0.903011
0.908607
0.911162
0.910191
0.906354
0.90119
0.896407
0.893025
0.891036
0.889773
0.888552
0.886941
0.884662
0.88163
0.878233
0.875564
0.875294
0.878963
0.887228
0.899475
0.913964
0.928428
0.940698
0.949092
0.952612
0.950939
0.944454
0.934216
0.921999
0.910114
0.900943
0.896299
0.89686
0.901983
0.910036
0.918942
0.926771
0.932122
0.934354
0.933564
0.930462
0.92606
0.921232
0.916447
0.911684
0.90656
0.900559
0.893356
0.885213
0.87717
0.870929
0.86832
0.87059
0.877841
0.889065
0.902555
0.916467
0.929254
0.939843
0.947611
0.952274
0.953713
0.951963
0.947465
0.94133
0.935247
0.931018
0.93
0.932718
0.938785
0.947194
0.95673
0.966349
0.975358
0.98337
0.990199
0.995738
0.999811
1.00219
1.00273
1.00153
0.999048
0.996133
0.993749
0.992531
0.992463
0.992882
0.992863
0.991614
0.988742
0.984359
0.979049
0.973708
0.969121
0.965541
0.962515
0.959088
0.954196
0.946962
0.936851
0.923745
0.908052
0.890819
0.873771
0.859118
0.848997
0.844773
0.846619
0.853646
0.864451
0.877627
0.891959
0.906282
0.919237
0.929206
0.934528
0.933841
0.926481
0.912797
0.894479
0.874665
0.857598
0.847447
0.846499
0.854112
0.867299
0.882348
0.896293
0.907577
0.916083
0.922676
0.928436
0.93388
0.938607
0.941528
0.941422
0.937491
0.929717
0.91904
0.907114
