-3.85416
-3.8525
-3.8528
-3.85189
-3.85114
-3.85144
-3.85144
-3.85219
-3.85114
-3.85114
-3.85144
-3.85144
-3.85129
-3.85083
-3.85113
-3.85083
-3.85159
-3.8522
-3.85326
-3.85341
-3.85417
-3.85432
-3.85492
-3.85477
-3.85476
-3.85537
-3.85582
-3.85552
-3.85537
-3.85537
-3.85552
-3.85627
-3.85642
-3.85582
-3.85597
-3.85567
-3.85657
-3.85552
-3.85567
-3.85582
-3.85461
-3.85385
-3.85416
-3.8537
-3.8537
-3.854
-3.85446
-3.85491
-3.85476
-3.85355
-3.85355
-3.8534
-3.85416
-3.85431
-3.85401
-3.8537
-3.8531
-3.8534
-3.8534
-3.8537
-3.854
-3.85461
-3.85491
-3.85446
-3.8534
-3.85355
-3.85295
-3.8534
-3.85461
-3.85415
-3.85491
-3.85461
-3.85355
-3.85355
-3.85355
-3.85325
-3.85385
-3.85355
-3.8534
-3.8537
-3.854
-3.85416
-3.8534
-3.85294
-3.85219
-3.85068
-3.84947
-3.84947
-3.84932
-3.84947
-3.84947
-3.84841
-3.84872
-3.84811
-3.84857
-3.84827
-3.84781
-3.84766
-3.84857
-3.84887
-3.84887
-3.84932
-3.84993
-3.84917
-3.84917
-3.84902
-3.84796
-3.84826
-3.84781
-3.84781
-3.84751
-3.84766
-3.84811
-3.84841
-3.84811
-3.84887
-3.84841
-3.84902
-3.84857
-3.84917
-3.84902
-3.84963
-3.85083
-3.85068
-3.85129
-3.85219
-3.85159
-3.85098
-3.85159
-3.85234
-3.85189
-3.85204
-3.85083
-3.85144
-3.85113
-3.85159
-3.85219
-3.85128
-3.85128
-3.85113
-3.85189
-3.85143
-3.85098
-3.85053
-3.85068
-3.85129
-3.85038
-3.84962
-3.84992
-3.85007
-3.85007
-3.84992
-3.84947
-3.85053
-3.84992
-3.85008
-3.85098
-3.85068
-3.85098
-3.84992
-3.84962
-3.84902
-3.84871
-3.84841
-3.84856
-3.84796
-3.84841
-3.84856
-3.84856
-3.84887
-3.85068
-3.85098
-3.85144
-3.85174
-3.85128
-3.85098
-3.85022
-3.84992
-3.84947
-3.85007
-3.85007
-3.85023
-3.85008
-3.85083
-3.85068
-3.85083
-3.85008
-3.85023
-3.85038
-3.85008
-3.85053
-3.85083
-3.85068
-3.85143
-3.85219
-3.85264
-3.85294
-3.85189
-3.85128
-3.85023
-3.85084
-3.85084
-3.85114
-3.85083
-3.85143
-3.85158
-3.85068
-3.85189
-3.8528
-3.8534
-3.85371
-3.8537
-3.85355
-3.85461
-3.85416
-3.85416
-3.8531
-3.85325
-3.8534
-3.8534
-3.85295
-3.85415
-3.854
-3.85415
-3.85461
-3.85476
-3.85431
-3.8534
-3.85385
-3.8534
-3.8534
-3.85264
-3.85249
-3.85264
-3.85309
-3.85385
-3.854
-3.85324
-3.8537
-3.85309
-3.85204
-3.85325
-3.8531
-3.8534
-3.8534
-3.85204
-3.85219
-3.85264
-3.85219
-3.85234
-3.85203
-3.85203
-3.85309
-3.85309
-3.85354
-3.85294
-3.85324
-3.85294
-3.85279
-3.85279
-3.85325
-3.85325
-3.8537
-3.8534
-3.85385
-3.85325
-3.85249
-3.85264
-3.85174
-3.85204
-3.85204
-3.85249
-3.85339
-3.85309
-3.85324
-3.85324
-3.85309
-3.85294
-3.85143
-3.85052
-3.84992
-3.84992
-3.85007
-3.85083
-3.84947
-3.84901
-3.84962
-3.84841
-3.84871
-3.84947
-3.84947
-3.85007
-3.85037
-3.85083
-3.85128
-3.85113
-3.85128
-3.85113
-3.85158
-3.85204
-3.85264
-3.85234
-3.85264
-3.85445
-3.8543
-3.8543
-3.85445
-3.85551
-3.85476
-3.85415
-3.85325
-3.8537
-3.8537
-3.85401
-3.85355
-3.85355
-3.8528
-3.85249
-3.85294
-3.85204
-3.85173
-3.85158
-3.85204
-3.85219
-3.85204
-3.85113
-3.85189
-3.85249
-3.85265
-3.85355
-3.8534
-3.85355
-3.8534
-3.8534
-3.85265
-3.85204
-3.85189
-3.85174
-3.85128
-3.85083
-3.85113
-3.85038
-3.85008
-3.85129
-3.85068
-3.85144
-3.85159
-3.85129
-3.85008
-3.84962
-3.84992
-3.84932
-3.84947
-3.84902
-3.84887
-3.84917
-3.85023
-3.85023
-3.85083
-3.85174
-3.85189
-3.85279
-3.85295
-3.8528
-3.8528
-3.8522
-3.85219
-3.85355
-3.85385
-3.8534
-3.85325
-3.85385
-3.85431
-3.85385
-3.85431
-3.85295
-3.8528
-3.85189
-3.85159
-3.85128
-3.85143
-3.85143
-3.85098
-3.85068
-3.85068
-3.85053
-3.84977
-3.84947
-3.84992
-3.84977
-3.84902
-3.84977
-3.84962
-3.84947
-3.84932
-3.84902
-3.84856
-3.84826
-3.84901
-3.84841
-3.84811
-3.84705
-3.84644
-3.84735
-3.84766
-3.84856
-3.84917
-3.84932
-3.84902
-3.84932
-3.84917
-3.84917
-3.84977
-3.85052
-3.85082
-3.85082
-3.85052
-3.85052
-3.85067
-3.85022
-3.85052
-3.85022
-3.85053
-3.85098
-3.85053
-3.85083
-3.85143
-3.85113
-3.85143
-3.85098
-3.85279
-3.85203
-3.85233
-3.85279
-3.85249
-3.85143
-3.85158
-3.85173
-3.85234
-3.85188
-3.85188
-3.85173
-3.85158
-3.85083
-3.85128
-3.85128
-3.85113
-3.85037
-3.84871
-3.84811
-3.84826
-3.84796
-3.84705
-3.84765
-3.84826
-3.84841
-3.84795
-3.8478
-3.84735
-3.8472
-3.8469
-3.8466
-3.8475
-3.8469
-3.84766
-3.84675
-3.84645
-3.84614
-3.84629
-3.84553
-3.84629
-3.84614
-3.84599
-3.84478
-3.84478
-3.84614
-3.84569
-3.84614
-3.8469
-3.8472
-3.84736
-3.84705
-3.84781
-3.84796
-3.8469
-3.84599
-3.84735
-3.84674
-3.84735
-3.84795
-3.8472
-3.84629
-3.84644
-3.84569
-3.84539
-3.84479
-3.84479
-3.84433
-3.84494
-3.84448
-3.84433
-3.84372
-3.84342
-3.84342
-3.84312
-3.84372
-3.84403
-3.84478
-3.84509
-3.84463
-3.84479
-3.84615
-3.84615
-3.84615
-3.8466
-3.84735
-3.84735
-3.84674
-3.84735
-3.8472
-3.84629
-3.8466
-3.84645
-3.84705
-3.84765
-3.84795
-3.84795
-3.8475
-3.8475
-3.84796
-3.84796
-3.84856
-3.84766
-3.84796
-3.84735
-3.84781
-3.84766
-3.84736
-3.84826
-3.84811
-3.84796
-3.8472
-3.84795
-3.84811
-3.84795
-3.84841
-3.84902
-3.84962
-3.84932
-3.84902
-3.85008
-3.84993
-3.85008
-3.84992
-3.84962
-3.85022
-3.85052
-3.85067
-3.85113
-3.85082
-3.85067
-3.85083
-3.85188
-3.85189
-3.85158
-3.85143
-3.85113
-3.84916
-3.84916
-3.84841
-3.84766
-3.84947
-3.84992
-3.84947
-3.84932
-3.84992
-3.85022
-3.84977
-3.84977
-3.84856
-3.84962
-3.84977
-3.84856
-3.84902
-3.84962
-3.84886
-3.84871
-3.84826
-3.84841
-3.84871
-3.8481
-3.8481
-3.84795
-3.84826
-3.84841
-3.8478
-3.84765
-3.84735
-3.8475
-3.84675
-3.84554
-3.84524
-3.8466
-3.84599
-3.8463
-3.8463
-3.84645
-3.84493
-3.84493
-3.84493
-3.84538
-3.84538
-3.84478
-3.84478
-3.84478
-3.84614
-3.84645
-3.84645
-3.8466
-3.84599
-3.84494
-3.84509
-3.84478
-3.84463
-3.84448
-3.84448
-3.84418
-3.84508
-3.84584
-3.84629
-3.84705
-3.84539
-3.84494
-3.84615
-3.8463
-3.84599
-3.84614
-3.84614
-3.84629
-3.84615
-3.84599
-3.84569
-3.846
-3.8472
-3.84735
-3.84644
-3.84554
-3.84508
-3.84493
-3.84508
-3.84584
-3.84614
-3.84614
-3.84615
-3.84615
-3.84766
-3.84871
-3.84901
-3.84871
-3.84856
-3.84826
-3.84871
-3.84886
-3.84841
-3.84781
-3.84856
-3.84902
-3.84856
-3.84871
-3.84765
-3.84765
-3.84796
-3.84841
-3.84856
-3.84796
-3.84841
-3.84811
-3.84947
-3.84856
-3.84796
-3.8475
-3.84826
-3.8478
-3.84856
-3.84841
-3.84917
-3.84947
-3.84886
-3.84886
-3.84917
-3.84947
-3.85023
-3.85068
-3.85098
-3.85098
-3.85113
-3.85234
-3.85143
-3.85158
-3.85249
-3.85204
-3.85204
-3.85159
-3.85159
-3.85204
-3.85204
-3.85143
-3.85113
-3.85143
-3.85113
-3.85158
-3.85143
-3.85249
-3.85189
-3.85174
-3.85264
-3.85279
-3.85264
-3.85249
-3.85128
-3.85098
-3.85113
-3.85174
-3.85038
-3.85053
-3.85128
-3.85189
-3.85204
-3.85143
-3.85128
-3.85113
-3.84962
-3.84962
-3.84977
-3.84932
-3.84992
-3.85022
-3.84932
-3.84947
-3.84917
-3.84992
-3.84962
-3.84992
-3.85022
-3.85113
-3.85083
-3.85068
-3.85098
-3.85008
-3.84993
-3.84962
-3.84932
-3.84841
-3.84766
-3.84811
-3.84811
-3.84645
-3.84615
-3.84615
-3.84675
-3.8457
-3.8466
-3.84751
-3.84781
-3.84872
-3.84902
-3.84932
-3.84902
-3.84827
-3.84811
-3.84766
-3.84811
-3.84766
-3.84735
-3.8469
-3.84735
-3.84735
-3.846
-3.84509
-3.84524
-3.84479
-3.84494
-3.84554
-3.84585
-3.84479
-3.84509
-3.846
-3.84615
-3.84509
-3.84675
-3.84584
-3.84615
-3.846
-3.8463
-3.84736
-3.8469
-3.84766
-3.8475
-3.84796
-3.84781
-3.84811
-3.84871
-3.84811
-3.84811
-3.84796
-3.84811
-3.84811
-3.8469
-3.84765
-3.84765
-3.84796
-3.84826
-3.84887
-3.84932
-3.84947
-3.84947
-3.84857
-3.84902
-3.84962
-3.84947
-3.84962
-3.84977
-3.84962
-3.85098
-3.85067
-3.85173
-3.85234
-3.85204
-3.85204
-3.85249
-3.85264
-3.85264
-3.85385
-3.85295
-3.8537
-3.8531
-3.8528
-3.85189
-3.85204
-3.85295
-3.854
-3.8537
-3.85386
-3.85386
-3.85386
-3.85416
-3.85401
-3.85446
-3.85431
-3.85294
-3.85249
-3.85234
-3.85295
-3.85219
-3.85204
-3.85143
-3.85234
-3.85309
-3.85234
-3.85189
-3.85279
-3.85234
-3.85174
-3.85129
-3.85113
-3.85204
-3.85234
-3.85143
-3.85158
-3.85143
-3.85098
-3.85068
-3.85083
-3.85038
-3.85038
-3.85038
-3.85037
-3.85052
-3.85083
-3.85189
-3.85174
-3.85098
-3.85053
-3.85068
-3.84993
-3.85114
-3.85219
-3.85219
-3.85219
-3.85189
-3.85324
-3.8537
-3.8537
-3.85279
-3.85264
-3.85204
-3.85234
-3.8525
-3.85219
-3.85144
-3.85038
-3.85113
-3.85143
-3.85083
-3.85038
-3.85159
-3.85098
-3.85128
-3.85219
-3.85204
-3.85188
-3.85128
-3.85067
-3.85067
-3.84947
-3.84962
-3.85008
-3.85008
-3.84962
-3.85023
-3.84947
-3.84993
-3.85144
-3.85068
-3.84947
-3.85068
-3.85082
-3.84992
-3.85067
-3.84992
-3.84932
-3.84962
-3.84992
-3.85038
-3.85007
-3.84962
-3.84871
-3.84841
-3.84886
-3.84992
-3.85022
-3.84932
-3.85037
-3.84932
-3.85022
-3.85083
-3.85128
-3.85068
-3.84962
-3.85038
-3.85068
-3.84992
-3.84917
-3.84932
-3.84886
-3.84856
-3.84871
-3.84856
-3.84796
-3.84751
-3.84736
-3.8475
-3.84735
-3.8478
-3.8478
-3.8481
-3.84855
-3.84765
-3.8481
-3.8475
-3.84675
-3.84796
-3.84766
-3.84705
-3.84826
-3.84796
-3.84781
-3.84736
-3.84675
-3.84766
-3.84781
-3.84765
-3.84735
-3.84689
-3.84659
-3.84675
-3.8466
-3.84554
-3.8466
-3.84645
-3.8466
-3.84599
-3.84509
-3.84464
-3.84479
-3.8457
-3.84539
-3.84433
-3.84373
-3.84388
