-4.39962
-4.41427
-4.43233
-4.45535
-4.47496
-4.47169
-4.42925
-4.34707
-4.24717
-4.16146
-4.11187
-4.09491
-4.0987
-4.11328
-4.12771
-4.14037
-4.15374
-4.16543
-4.17003
-4.16564
-4.15663
-4.15464
-4.17993
-4.2341
-4.30388
-4.36916
-4.41733
-4.44511
-4.45321
-4.44295
-4.41888
-4.38828
-4.35925
-4.34389
-4.35215
-4.38321
-4.42918
-4.47561
-4.50724
-4.51559
-4.5002
-4.4657
-4.43001
-4.41717
-4.44359
-4.49624
-4.5539
-4.59826
-4.62727
-4.64333
-4.65153
-4.65726
-4.65983
-4.65563
-4.64201
-4.61245
-4.56507
-4.50037
-4.42842
-4.36542
-4.33196
-4.33478
-4.36342
-4.40173
-4.438
-4.46082
-4.46924
-4.46953
-4.4649
-4.45427
-4.44138
-4.42767
-4.42076
-4.43293
-4.467
-4.50874
-4.53525
-4.53822
-4.51957
-4.48416
-4.44327
-4.40315
-4.37252
-4.35188
-4.34094
-4.33428
-4.32318
-4.30561
-4.27999
-4.25664
-4.24114
-4.23541
-4.23721
-4.24283
-4.25522
-4.27426
-4.30029
-4.32667
-4.34652
-4.3589
-4.36896
-4.38544
-4.40666
-4.42935
-4.44636
-4.4608
-4.47409
-4.48931
-4.50549
-4.52246
-4.53533
-4.54076
-4.53654
-4.51964
-4.4905
-4.44809
-4.39529
-4.3412
-4.29407
-4.26413
-4.25453
-4.26451
-4.28347
-4.30492
-4.32909
-4.3623
-4.40616
-4.45071
-4.47974
-4.4832
-4.45973
-4.41336
-4.35325
-4.29213
-4.2472
-4.23072
-4.24857
-4.28442
-4.32284
-4.35096
-4.37073
-4.38747
-4.41018
-4.43994
-4.47603
-4.51211
-4.53635
-4.54103
-4.51719
-4.46362
-4.38512
-4.2988
-4.22838
-4.1921
-4.18882
-4.20769
-4.22792
-4.23652
-4.23339
-4.22681
-4.22925
-4.24625
-4.27692
-4.31843
-4.36682
-4.41836
-4.4593
-4.48339
-4.48126
-4.45811
-4.42353
-4.3849
-4.34656
-4.30757
-4.27225
-4.25174
-4.25116
-4.27217
-4.31134
-4.36233
-4.41491
-4.45749
-4.48016
-4.47699
-4.45309
-4.41517
-4.37808
-4.35804
-4.36517
-4.40374
-4.46252
-4.5213
-4.55901
-4.55779
-4.50447
-4.40708
-4.2842
-4.16866
-4.0898
-4.06436
-4.09322
-4.16383
-4.25854
-4.35667
-4.43757
-4.48982
-4.51475
-4.51653
-4.5059
-4.49466
-4.49098
-4.49639
-4.50949
-4.5246
-4.53517
-4.538
-4.52845
-4.50403
-4.47187
-4.44676
-4.42954
-4.41717
-4.39889
-4.37708
-4.36388
-4.37218
-4.40107
-4.43994
-4.48127
-4.5218
-4.55497
-4.57965
-4.58945
-4.57735
-4.53853
-4.47469
-4.40083
-4.33495
-4.2898
-4.27914
-4.30699
-4.36163
-4.42465
-4.47825
-4.51645
-4.53864
-4.54461
-4.53782
-4.52041
-4.49937
-4.47765
-4.4576
-4.43712
-4.41937
-4.40792
-4.40776
-4.41987
-4.44103
-4.46117
-4.47368
-4.47412
-4.46402
-4.44752
-4.43248
-4.42214
-4.42172
-4.42435
-4.42482
-4.42007
-4.40956
-4.40049
-4.39316
-4.38962
-4.38625
-4.37968
-4.36855
-4.35417
-4.34648
-4.35371
-4.38144
-4.42646
-4.47564
-4.51666
-4.54377
-4.55298
-4.54963
-4.5375
-4.52534
-4.5104
-4.48581
-4.45043
-4.40768
-4.36115
-4.31904
-4.29279
-4.28887
-4.30048
-4.31553
-4.32464
-4.33387
-4.34576
-4.36884
-4.40093
-4.43129
-4.44864
-4.44449
-4.42762
-4.40839
-4.39702
-4.39467
-4.3944
-4.39554
-4.39722
-4.40798
-4.42631
-4.45126
-4.47605
-4.48791
-4.47816
-4.43901
-4.37424
-4.29778
-4.23167
-4.19265
-4.18456
-4.2003
-4.22959
-4.25416
-4.26605
-4.26798
-4.26616
-4.27025
-4.28659
-4.31651
-4.35611
-4.39492
-4.42446
-4.43781
-4.43931
-4.43793
-4.43956
-4.44191
-4.44303
-4.43943
-4.42805
-4.41011
-4.38535
-4.35485
-4.32137
-4.28638
-4.24988
-4.21472
-4.17957
-4.14632
-4.12106
-4.1034
-4.09233
-4.08912
-4.09539
-4.11797
-4.16187
-4.22225
-4.28812
-4.34687
-4.39042
-4.41367
-4.41415
-4.39853
-4.3783
-4.36855
-4.37478
-4.39052
-4.40555
-4.40919
-4.40163
-4.38585
-4.3678
-4.34436
-4.31827
-4.28633
-4.24692
-4.20751
-4.1815
-4.18744
-4.2277
-4.28696
-4.35167
-4.40544
-4.45031
-4.48358
-4.50407
-4.51312
-4.50728
-4.49064
-4.47116
-4.4495
-4.4312
-4.4108
-4.38372
-4.34847
-4.30415
-4.2549
-4.20595
-4.16557
-4.13697
-4.11955
-4.11227
-4.11713
-4.13301
-4.1565
-4.18091
-4.19345
-4.19636
-4.20286
-4.22589
-4.25231
-4.26243
-4.2562
-4.24342
-4.22902
-4.21884
-4.22167
-4.24224
-4.28373
-4.3427
-4.40978
-4.47401
-4.52915
-4.56602
-4.58558
-4.59066
-4.58732
-4.58348
-4.58475
-4.58947
-4.59136
-4.5886
-4.57793
-4.55798
-4.52615
-4.47772
-4.41889
-4.35851
-4.31017
-4.28751
-4.29568
-4.33213
-4.38465
-4.43383
-4.46669
-4.47787
-4.46552
-4.43032
-4.37326
-4.30442
-4.23431
-4.17797
-4.1497
-4.1541
-4.18814
-4.24161
-4.30668
-4.3708
-4.42839
-4.47677
-4.51297
-4.53202
-4.53789
-4.53384
-4.52651
-4.51841
-4.5072
-4.48751
-4.45383
-4.41106
-4.36146
-4.31617
-4.28435
-4.28748
-4.33512
-4.40839
-4.47813
-4.52504
-4.5443
-4.54372
-4.53207
-4.51908
-4.50972
-4.50431
-4.4974
-4.48218
-4.45365
-4.41133
-4.35934
-4.30532
-4.26096
-4.23863
-4.24196
-4.2657
-4.30437
-4.34616
-4.38028
-4.40107
-4.4076
-4.40404
-4.39589
-4.3899
-4.39357
-4.40852
-4.43445
-4.46456
-4.49473
-4.5195
-4.53413
-4.53762
-4.52901
-4.51343
-4.49009
-4.45811
-4.42047
-4.38057
-4.34107
-4.30979
-4.28681
-4.27324
-4.26233
-4.24917
-4.23711
-4.22964
-4.23864
-4.26399
-4.29879
-4.33283
-4.35267
-4.35767
-4.35139
-4.33978
-4.33145
-4.3282
-4.33356
-4.34293
-4.35375
-4.36136
-4.36105
-4.35648
-4.35226
-4.35172
-4.35251
-4.34918
-4.34081
-4.33182
-4.32535
-4.32257
-4.32039
-4.31437
-4.29862
-4.27769
-4.2663
-4.28107
-4.31308
-4.3418
-4.35227
-4.33784
-4.30163
-4.25263
-4.2102
-4.20273
-4.24777
-4.33951
-4.45149
-4.55104
-4.61746
-4.63939
-4.61533
-4.5485
-4.45806
-4.37139
-4.31212
-4.28667
-4.28746
-4.29828
-4.3143
-4.33279
-4.35145
-4.36829
-4.37999
-4.38321
-4.37928
-4.37011
-4.35986
-4.3475
-4.33612
-4.32448
-4.31426
-4.30897
-4.30775
-4.30992
-4.31053
-4.30717
-4.30482
-4.31937
-4.36304
-4.43586
-4.51576
-4.57749
-4.60896
-4.60794
-4.58274
-4.54304
-4.50578
-4.48677
-4.48405
-4.48277
-4.46536
-4.42802
-4.3736
-4.3106
-4.25307
-4.21055
-4.19446
-4.20722
-4.24984
-4.31315
-4.37629
-4.42718
-4.4584
-4.46645
-4.45339
-4.42365
-4.39268
-4.38785
-4.41769
-4.46855
-4.52158
-4.55981
-4.57652
-4.57812
-4.57435
-4.57075
-4.5698
-4.56864
-4.56122
-4.54283
-4.51288
-4.47767
-4.43956
-4.40002
-4.35756
-4.31546
-4.28053
-4.25907
-4.25043
-4.2496
-4.25239
-4.25503
-4.25205
-4.23898
-4.21684
-4.19734
-4.20048
-4.24142
-4.31259
-4.38984
-4.45331
-4.49502
-4.51737
-4.5283
-4.52944
-4.52359
-4.51302
-4.5008
-4.4952
-4.49959
-4.5146
-4.53108
-4.54328
-4.54697
-4.54638
-4.55227
-4.56073
-4.56367
-4.55864
-4.54629
-4.52489
-4.49818
-4.46607
-4.43213
-4.39875
-4.37123
-4.34778
-4.32938
-4.31837
-4.31865
-4.32907
-4.34956
-4.37422
-4.40606
-4.4483
-4.50383
-4.56624
-4.62118
-4.65899
-4.67132
-4.64933
-4.58771
-4.48727
-4.36289
-4.23948
-4.14688
-4.10767
-4.12697
-4.18972
-4.26579
-4.33226
-4.38302
-4.41559
-4.43607
-4.45231
-4.47215
-4.5003
-4.53729
-4.58157
-4.62423
-4.65618
-4.6652
-4.64558
-4.59611
-4.52597
-4.4521
-4.38629
-4.3422
-4.32988
-4.348
-4.37781
-4.39103
-4.38658
-4.39024
-4.41411
-4.44203
-4.45085
-4.43479
-4.40781
-4.39059
-4.39382
-4.40625
-4.41804
-4.42271
-4.41939
-4.41355
-4.41448
-4.43245
-4.46589
-4.50724
-4.54342
-4.5679
-4.57627
-4.56947
-4.54696
-4.51116
-4.46645
-4.41984
-4.37471
-4.33196
-4.28545
-4.22902
-4.15685
-4.07158
-3.98756
-3.93597
-3.94286
-4.01823
-4.13881
-4.27323
-4.3897
-4.47424
-4.52072
-4.52835
-4.50522
-4.46415
-4.4146
-4.36381
-4.31395
-4.2705
-4.24617
-4.24524
-4.266
-4.29848
-4.33203
-4.35802
-4.36781
-4.36191
-4.34256
-4.31879
-4.30332
-4.30317
-4.31695
-4.33708
-4.35895
-4.38139
-4.40976
-4.44398
-4.48422
-4.53225
-4.58011
-4.62073
-4.64619
-4.6514
-4.63536
-4.60475
-4.56541
-4.52335
-4.48227
-4.44428
-4.41034
-4.37995
-4.351
-4.33076
-4.32391
-4.33662
-4.36671
-4.40199
-4.42888
-4.43896
-4.43064
-4.41041
-4.38587
-4.36686
-4.35484
-4.35216
-4.36212
-4.38218
-4.40846
-4.43247
-4.44959
-4.45427
-4.44821
-4.43515
-4.41837
-4.40617
-4.40395
-4.41024
-4.42443
-4.4461
-4.47185
-4.49634
-4.51126
-4.50589
-4.47781
-4.43196
-4.39436
-4.39203
-4.42323
-4.46798
-4.51218
-4.54753
-4.55996
-4.54552
-4.51114
-4.46961
-4.4329
-4.39503
-4.34754
-4.29366
-4.24889
-4.23164
-4.24773
-4.29255
-4.35517
-4.42465
-4.49196
-4.54836
-4.58994
-4.61773
-4.63169
-4.63209
-4.62292
-4.60001
-4.56992
-4.5374
-4.5111
-4.49889
-4.50033
-4.5141
-4.53015
-4.54522
-4.55637
-4.55985
-4.55277
-4.5331
-4.50076
-4.45555
-4.40071
-4.35261
-4.34254
-4.38729
-4.46679
-4.54404
-4.59575
-4.61979
-4.62382
-4.61764
-4.60281
-4.57257
-4.52478
-4.46275
-4.39911
-4.35217
-4.33457
-4.34753
-4.38837
-4.44602
-4.51045
-4.56916
-4.61385
-4.63672
-4.63274
-4.60023
-4.53992
-4.46149
-4.38123
-4.32347
-4.29806
-4.28949
-4.28006
-4.26348
-4.24702
-4.23608
-4.23448
-4.2405
-4.25151
-4.26681
-4.28394
-4.30081
-4.31408
-4.32126
-4.31877
-4.31218
-4.30601
-4.30415
-4.30983
-4.31615
-4.32589
-4.33825
-4.35465
-4.37572
-4.3984
-4.41905
-4.43797
-4.45434
-4.46219
-4.46013
-4.44274
-4.41218
-4.37264
-4.3293
-4.29283
-4.27572
-4.28911
-4.3277
-4.37241
-4.40573
-4.42026
-4.41436
-4.39098
-4.36049
-4.33004
-4.30676
-4.2947
-4.29453
-4.30494
-4.31593
-4.32245
-4.32262
-4.31897
-4.31857
-4.3317
-4.36324
-4.41016
-4.45633
-4.48781
-4.50084
-4.50087
-4.49412
-4.48543
-4.48025
-4.47478
-4.46359
-4.44526
-4.42221
-4.40029
-4.38503
-4.37916
-4.38792
-4.41299
-4.45547
-4.49997
-4.53497
-4.5488
-4.5413
-4.51798
