-1.54231
-1.54322
-1.54292
-1.54308
-1.5437
-1.54416
-1.54522
-1.54612
-1.54655
-1.54593
-1.54654
-1.5467
-1.54641
-1.54762
-1.54777
-1.54747
-1.54777
-1.54823
-1.54899
-1.55019
-1.55049
-1.54881
-1.54971
-1.54912
-1.54868
-1.54959
-1.55049
-1.55095
-1.55155
-1.5517
-1.55169
-1.55214
-1.55183
-1.55167
-1.55257
-1.55258
-1.55244
-1.55245
-1.55185
-1.5514
-1.5523
-1.55229
-1.55212
-1.55136
-1.55197
-1.55138
-1.55169
-1.55093
-1.55093
-1.55017
-1.5482
-1.54714
-1.54654
-1.54579
-1.54655
-1.5467
-1.54701
-1.5464
-1.54594
-1.54487
-1.54547
-1.54653
-1.54579
-1.54444
-1.5458
-1.54595
-1.54474
-1.54519
-1.5464
-1.54504
-1.54458
-1.54473
-1.54518
-1.54548
-1.54503
-1.5455
-1.5452
-1.54566
-1.54671
-1.5458
-1.54579
-1.54503
-1.54594
-1.54609
-1.5467
-1.54776
-1.54731
-1.54761
-1.54579
-1.54549
-1.54503
-1.54413
-1.54353
-1.54262
-1.54367
-1.54368
-1.54338
-1.54248
-1.54172
-1.54187
-1.54171
-1.54247
-1.54217
-1.54308
-1.54202
-1.54186
-1.54156
-1.54186
-1.54126
-1.54172
-1.54217
-1.54278
-1.54369
-1.54354
-1.54414
-1.54459
-1.54459
-1.54534
-1.54443
-1.54337
-1.54216
-1.54338
-1.54414
-1.54459
-1.54473
-1.54488
-1.54489
-1.54505
-1.54506
-1.54521
-1.54566
-1.54565
-1.54564
-1.54564
-1.54623
-1.54502
-1.54548
-1.54444
-1.5449
-1.54475
-1.54534
-1.54489
-1.54534
-1.54504
-1.54549
-1.54671
-1.54611
-1.54627
-1.54642
-1.54778
-1.54822
-1.54761
-1.54684
-1.54699
-1.54549
-1.54565
-1.54596
-1.54626
-1.54716
-1.5473
-1.54745
-1.5473
-1.54655
-1.54564
-1.54474
-1.54625
-1.54551
-1.54627
-1.54536
-1.5455
-1.54625
-1.5461
-1.54686
-1.5467
-1.54534
-1.54594
-1.54639
-1.54594
-1.54458
-1.54368
-1.54323
-1.54309
-1.54309
-1.54203
-1.54278
-1.54277
-1.54246
-1.54246
-1.54155
-1.54231
-1.54353
-1.54385
-1.54401
-1.54477
-1.54296
-1.5428
-1.54263
-1.54352
-1.54411
-1.54366
-1.54352
-1.54353
-1.54384
-1.54491
-1.54491
-1.5431
-1.54264
-1.54233
-1.54247
-1.54292
-1.54322
-1.54262
-1.54277
-1.54323
-1.54278
-1.54339
-1.54475
-1.5449
-1.54413
-1.54579
-1.54535
-1.54611
-1.54596
-1.5458
-1.54533
-1.54579
-1.5461
-1.54474
-1.54338
-1.54383
-1.54263
-1.54263
-1.54324
-1.544
-1.54445
-1.54354
-1.54353
-1.54427
-1.54306
-1.5426
-1.54291
-1.54232
-1.54248
-1.54203
-1.54202
-1.54263
-1.54232
-1.54247
-1.54171
-1.54216
-1.54247
-1.54337
-1.54307
-1.54352
-1.54382
-1.54367
-1.54292
-1.54338
-1.54323
-1.54308
-1.54232
-1.54232
-1.54292
-1.54458
-1.54382
-1.54428
-1.54337
-1.54247
-1.54232
-1.54111
-1.54171
-1.54095
-1.54096
-1.54111
-1.54157
-1.54232
-1.54202
-1.54307
-1.54382
-1.54412
-1.54504
-1.5455
-1.5449
-1.54399
-1.54142
-1.54142
-1.54066
-1.54081
-1.54111
-1.54111
-1.54141
-1.54232
-1.54231
-1.542
-1.54215
-1.54276
-1.54307
-1.54353
-1.54171
-1.54216
-1.54125
-1.5417
-1.54201
-1.54172
-1.54263
-1.54187
-1.54247
-1.54201
-1.5411
-1.54141
-1.54186
-1.54382
-1.54276
-1.54291
-1.54201
-1.54231
-1.54398
-1.54429
-1.54474
-1.54369
-1.54277
-1.54231
-1.5426
-1.5432
-1.54336
-1.54185
-1.54232
-1.54232
-1.54217
-1.54277
-1.54276
-1.54306
-1.54321
-1.54261
-1.54216
-1.54141
-1.54187
-1.54096
-1.53974
-1.53959
-1.54065
-1.54035
-1.54035
-1.5408
-1.5402
-1.5399
-1.53944
-1.53929
-1.5402
-1.5408
-1.5402
-1.54216
-1.54397
-1.54307
-1.54246
-1.54216
-1.54246
-1.54367
-1.54336
-1.5426
-1.54321
-1.54412
-1.54474
-1.54429
-1.54384
-1.54369
-1.54278
-1.54277
-1.54246
-1.54245
-1.54246
-1.54232
-1.54338
-1.54308
-1.54277
-1.54216
-1.54352
-1.54247
-1.54292
-1.54368
-1.54322
-1.54321
-1.5426
-1.5432
-1.54321
-1.54095
-1.54172
-1.54036
-1.54171
-1.54247
-1.54171
-1.54232
-1.54156
-1.5411
-1.54307
-1.54231
-1.54322
-1.54398
-1.54428
-1.54489
-1.54458
-1.54458
-1.54442
-1.54563
-1.54684
-1.54684
-1.54594
-1.54624
-1.54624
-1.54549
-1.54595
-1.54535
-1.54609
-1.54533
-1.54534
-1.54626
-1.54505
-1.54368
-1.54473
-1.54503
-1.54382
-1.54366
-1.54321
-1.54291
-1.54322
-1.54353
-1.54277
-1.54353
-1.54263
-1.54263
-1.54323
-1.54352
-1.54322
-1.54322
-1.54337
-1.54247
-1.54277
-1.54277
-1.54278
-1.54354
-1.54293
-1.54398
-1.54473
-1.54442
-1.54472
-1.54457
-1.54443
-1.54549
-1.5458
-1.5455
-1.5455
-1.5458
-1.54641
-1.54504
-1.54474
-1.54427
-1.54366
-1.54396
-1.54412
-1.54412
-1.54277
-1.54383
-1.54459
-1.54474
-1.54474
-1.54565
-1.5455
-1.5467
-1.54685
-1.54669
-1.5467
-1.54715
-1.54761
-1.54595
-1.5464
-1.54624
-1.5479
-1.54683
-1.54607
-1.54638
-1.54625
-1.54687
-1.54777
-1.54701
-1.54655
-1.54624
-1.54669
-1.54669
-1.54624
-1.54519
-1.54413
-1.54353
-1.54398
-1.54534
-1.54593
-1.54563
-1.54683
-1.54865
-1.54805
-1.54775
-1.54761
-1.54731
-1.54701
-1.54655
-1.54685
-1.54715
-1.54669
-1.54669
-1.54624
-1.54684
-1.54639
-1.54639
-1.5467
-1.54655
-1.54655
-1.54503
-1.54564
-1.54655
-1.54624
-1.54624
-1.54684
-1.54609
-1.54684
-1.54624
-1.54685
-1.547
-1.5461
-1.54654
-1.54518
-1.54593
-1.54609
-1.54534
-1.54595
-1.5449
-1.54459
-1.54489
-1.54488
-1.54639
-1.54654
-1.54745
-1.54655
-1.54579
-1.54564
-1.54443
-1.54428
-1.54473
-1.54549
-1.54579
-1.54474
-1.54322
-1.54277
-1.54216
-1.54141
-1.54081
-1.54187
-1.54278
-1.54368
-1.54336
-1.54458
-1.54504
-1.54475
-1.5449
-1.54505
-1.54626
-1.5473
-1.54728
-1.54712
-1.54546
-1.54367
-1.54399
-1.54415
-1.54416
-1.54371
-1.54461
-1.54445
-1.54504
-1.54608
-1.54607
-1.54457
-1.54503
-1.54504
-1.54579
-1.54534
-1.54338
-1.54232
-1.54262
-1.54217
-1.54141
-1.54035
-1.54111
-1.54096
-1.54186
-1.54171
-1.54111
-1.54201
-1.54262
-1.54368
-1.54429
-1.54459
-1.54458
-1.54578
-1.54547
-1.54488
-1.54399
-1.54339
-1.54415
-1.54399
-1.54429
-1.54352
-1.54276
-1.54336
-1.54353
-1.54399
-1.54309
-1.54309
-1.54353
-1.54353
-1.54473
-1.54487
-1.54653
-1.54638
-1.54563
-1.54609
-1.5452
-1.54565
-1.54641
-1.54535
-1.5449
-1.54489
-1.54336
-1.5435
-1.54396
-1.54262
-1.54202
-1.54232
-1.54171
-1.5411
-1.54125
-1.54094
-1.54079
-1.54095
-1.5411
-1.54095
-1.5399
-1.5402
-1.5402
-1.5405
-1.54005
-1.53944
-1.53928
-1.54079
-1.54261
-1.54291
-1.54262
-1.54353
-1.54489
-1.54504
-1.54383
-1.54321
-1.5435
-1.54396
-1.54382
-1.54353
-1.54368
-1.54292
-1.54111
-1.5411
-1.54065
-1.54034
-1.54034
-1.53958
-1.54018
-1.54049
-1.5414
-1.54019
-1.53975
-1.53959
-1.53853
-1.53928
-1.53929
-1.53884
-1.53974
-1.54155
-1.5411
-1.54186
-1.54246
-1.54306
-1.54215
-1.54291
-1.54321
-1.54351
-1.54381
-1.54457
-1.54382
-1.54487
-1.54487
-1.54502
-1.54411
-1.54442
-1.54593
-1.54534
-1.54429
-1.54429
-1.54475
-1.54566
-1.5458
-1.54609
-1.54637
-1.54696
-1.54666
-1.54591
-1.54759
-1.54866
-1.54745
-1.5476
-1.54669
-1.54548
-1.54457
-1.54471
-1.54532
-1.54502
-1.54517
-1.54457
-1.54473
-1.54383
-1.54323
-1.54217
-1.54125
-1.54185
-1.54063
-1.54002
-1.54033
-1.54019
-1.54157
-1.54157
-1.54095
-1.54199
-1.54185
-1.54126
-1.54157
-1.54201
-1.54184
-1.54108
-1.54169
-1.54079
-1.5408
-1.54125
-1.54109
-1.54063
-1.53972
-1.54002
-1.53973
-1.54019
-1.53959
-1.53944
-1.53914
-1.54019
-1.54049
-1.53959
-1.53807
-1.53822
-1.53852
-1.53868
-1.53793
-1.53853
-1.53989
-1.5414
-1.54138
-1.54211
-1.5409
-1.54107
-1.54093
-1.54261
-1.54201
-1.54171
-1.54232
-1.54216
-1.542
-1.54305
-1.54366
-1.54471
-1.54501
-1.5438
-1.54409
-1.54379
-1.5438
-1.54411
-1.54487
-1.54548
-1.54336
-1.54261
-1.5429
-1.54319
-1.54364
-1.54425
-1.54531
-1.54546
-1.54501
-1.54365
-1.54471
-1.54561
-1.54531
-1.54667
-1.54637
-1.54547
-1.54487
-1.54487
-1.54426
-1.54471
-1.54516
-1.54577
-1.54637
-1.54682
-1.54742
-1.54818
-1.54682
-1.54712
-1.54681
-1.54666
-1.54697
-1.54683
-1.54653
-1.54668
-1.54653
-1.54652
-1.54561
-1.54667
-1.54712
-1.54681
-1.54742
-1.54697
-1.54622
-1.54456
-1.54487
-1.54487
-1.54502
-1.54547
-1.54456
-1.54425
-1.54516
-1.54516
-1.54516
-1.54561
-1.54501
-1.54411
-1.54427
-1.54367
-1.54366
-1.54244
-1.54273
-1.54439
-1.5447
-1.54426
-1.54456
-1.54668
-1.54654
-1.54639
-1.54728
-1.54622
-1.54562
-1.54517
-1.54457
-1.5438
-1.54334
-1.54409
-1.54394
-1.5438
-1.54441
-1.54547
-1.54668
-1.54653
-1.54547
-1.54547
-1.54532
-1.54411
-1.54532
-1.54396
-1.54381
-1.54365
-1.54365
-1.5441
-1.54274
-1.54335
-1.5432
-1.54366
-1.54411
-1.54397
-1.54412
-1.54442
-1.54473
-1.54458
-1.54412
-1.54394
-1.54469
-1.5447
-1.54442
-1.54474
-1.54504
-1.54533
-1.54472
-1.54457
-1.54518
-1.54473
-1.54488
-1.54502
-1.5447
-1.545
-1.5459
-1.5456
-1.54621
-1.54577
-1.54562
-1.54487
-1.54487
-1.54488
-1.54443
-1.54412
-1.54367
-1.54487
-1.54515
-1.54439
-1.5438
-1.54336
-1.54381
-1.5435
-1.54395
-1.54365
-1.54365
-1.5435
-1.5429
-1.54259
-1.54169
-1.54109
-1.54124
-1.5426
-1.54199
-1.54199
-1.54169
-1.54078
-1.54229
-1.54139
-1.54184
-1.54168
-1.54108
-1.54138
-1.54184
-1.54108
-1.54093
-1.54214
-1.54169
-1.54245
-1.5423
-1.5429
-1.5438
-1.5432
-1.54273
-1.54242
-1.54318
-1.5441
-1.54411
-1.54306
-1.54276
-1.54306
-1.54214
-1.54214
-1.54214
-1.54304
-1.54409
-1.54395
-1.54456
-1.5438
-1.5435
-1.54365
-1.5438
-1.5441
-1.54515
-1.545
-1.54516
-1.54517
-1.54563
-1.54608
-1.54637
-1.54637
-1.54591
-1.54697
-1.54728
-1.54683
-1.54682
-1.54667
-1.54667
-1.54772
-1.54847
-1.54923
-1.54802
-1.54893
-1.54804
-1.54819
-1.54744
-1.54713
-1.54637
