1.90487
1.91403
1.92628
1.94152
1.95417
1.95168
1.92268
1.8673
1.80042
1.74368
1.71022
1.69881
1.70153
1.71044
1.71996
1.7286
1.73731
1.7448
1.74736
1.74363
1.73743
1.73722
1.75347
1.78999
1.8368
1.87971
1.91122
1.92944
1.93444
1.9275
1.91146
1.89076
1.87161
1.86148
1.86638
1.88709
1.91783
1.94877
1.97026
1.97613
1.96527
1.94228
1.91859
1.91054
1.92775
1.96324
2.00148
2.03155
2.05089
2.06211
2.06889
2.07341
2.07552
2.07323
2.06364
2.04383
2.01204
1.96932
1.92166
1.88037
1.85766
1.85883
1.87842
1.90487
1.92814
1.94325
1.94967
1.94956
1.94567
1.93949
1.9312
1.92196
1.91705
1.92497
1.94798
1.97549
1.99336
1.99504
1.98191
1.95891
1.93165
1.90541
1.88438
1.87053
1.86283
1.85768
1.85058
1.83866
1.8228
1.80743
1.7974
1.79418
1.79579
1.80014
1.80769
1.82039
1.83794
1.85613
1.86986
1.87802
1.88483
1.89531
1.90966
1.92418
1.93623
1.94596
1.95502
1.96497
1.97615
1.98716
1.99544
1.99866
1.99523
1.98407
1.96424
1.93567
1.90047
1.86391
1.83309
1.81384
1.80825
1.81409
1.82622
1.84022
1.85624
1.87828
1.90752
1.93711
1.95646
1.95866
1.94272
1.91181
1.87173
1.831
1.80065
1.79047
1.80206
1.82665
1.85196
1.87081
1.88359
1.89506
1.9099
1.92994
1.95369
1.97694
1.99349
1.99651
1.98052
1.94389
1.89126
1.83413
1.78769
1.76341
1.76222
1.77469
1.78797
1.79351
1.79082
1.78634
1.78786
1.7993
1.82025
1.84852
1.88139
1.91473
1.94253
1.95808
1.95727
1.94174
1.91818
1.89254
1.86647
1.84058
1.81794
1.80387
1.80318
1.81749
1.8445
1.8791
1.91445
1.94293
1.95805
1.95664
1.9402
1.91493
1.89041
1.87706
1.88241
1.90762
1.946
1.98497
2.01
2.00868
1.97434
1.90952
1.82772
1.7501
1.69713
1.68046
1.69981
1.74687
1.8098
1.87451
1.92844
1.96448
1.98141
1.9828
1.97562
1.96783
1.96517
1.96918
1.97781
1.98758
1.99492
1.99641
1.98913
1.97276
1.95182
1.93398
1.9228
1.91404
1.90195
1.88752
1.87903
1.88426
1.90332
1.93013
1.95859
1.98531
2.00823
2.02468
2.03081
2.02223
1.99605
1.9541
1.90487
1.86045
1.83116
1.82436
1.84272
1.87954
1.92145
1.95748
1.98295
1.99734
2.00152
1.9969
1.9858
1.97147
1.95679
1.94282
1.92937
1.91723
1.9094
1.90939
1.91797
1.93177
1.9453
1.95373
1.95453
1.9478
1.9364
1.92527
1.91888
1.9183
1.92065
1.92157
1.9185
1.9123
1.90586
1.90147
1.89911
1.89676
1.89207
1.88415
1.87477
1.86894
1.87327
1.89155
1.92095
1.95343
1.98118
1.99985
2.0077
2.00547
1.9979
1.98969
1.97952
1.96313
1.93934
1.91024
1.87922
1.85136
1.83376
1.83074
1.83827
1.848
1.85528
1.86114
1.86967
1.88476
1.90594
1.92638
1.93734
1.93508
1.92344
1.91093
1.90395
1.90218
1.90169
1.90115
1.90297
1.91005
1.92287
1.9393
1.95472
1.96242
1.95561
1.93022
1.88764
1.83698
1.79271
1.7663
1.7608
1.7723
1.79152
1.80789
1.81592
1.81681
1.8156
1.81813
1.82892
1.84927
1.87596
1.90234
1.92173
1.93124
1.93304
1.93223
1.93261
1.93438
1.93512
1.93242
1.92523
1.91348
1.89727
1.87704
1.85412
1.83038
1.80645
1.78171
1.75706
1.7355
1.71907
1.70749
1.69991
1.69697
1.70135
1.71691
1.74577
1.78541
1.82892
1.86839
1.89772
1.91332
1.91425
1.90384
1.89056
1.88406
1.88821
1.8988
1.90811
1.91075
1.90591
1.89579
1.88285
1.86793
1.85023
1.82844
1.80247
1.7762
1.75927
1.76283
1.78966
1.83067
1.87331
1.91006
1.93907
1.96074
1.9749
1.98053
1.97714
1.96636
1.95206
1.93813
1.92532
1.91121
1.89296
1.86906
1.83971
1.80688
1.77435
1.74662
1.72676
1.71514
1.71089
1.71393
1.72451
1.74067
1.75664
1.7654
1.76684
1.77168
1.78703
1.80404
1.81159
1.80834
1.79912
1.78932
1.78335
1.78534
1.79935
1.82721
1.86632
1.91084
1.95415
1.99041
2.0156
2.02863
2.03162
2.02919
2.02684
2.02769
2.03073
2.03259
2.03055
2.02344
2.01013
1.98841
1.95653
1.91661
1.87585
1.84383
1.82853
1.83408
1.85847
1.89277
1.92535
1.94746
1.95491
1.94648
1.9226
1.88547
1.83979
1.79336
1.75621
1.73716
1.73999
1.76268
1.79923
1.8419
1.88414
1.92243
1.95469
1.97821
1.99101
1.99412
1.99133
1.98654
1.98114
1.97336
1.95993
1.93859
1.90977
1.87681
1.84551
1.82501
1.82761
1.85916
1.90809
1.95418
1.98485
1.99819
1.99811
1.99055
1.98159
1.97535
1.97205
1.96814
1.9587
1.94008
1.91156
1.876
1.83959
1.81022
1.79453
1.79554
1.81177
1.83775
1.8657
1.88865
1.90271
1.90737
1.9048
1.89916
1.89547
1.89792
1.90819
1.92507
1.94544
1.96556
1.98187
1.99172
1.99405
1.98932
1.97853
1.96236
1.94124
1.91615
1.88915
1.86332
1.84197
1.82705
1.8176
1.81022
1.80205
1.79371
1.78964
1.79514
1.81194
1.83563
1.85792
1.87185
1.87539
1.871
1.86327
1.85671
1.85444
1.85741
1.86425
1.87197
1.87714
1.87774
1.8748
1.87169
1.87082
1.87114
1.86963
1.86506
1.85937
1.85546
1.85411
1.85305
1.84833
1.83722
1.82267
1.81529
1.82433
1.84535
1.8647
1.87158
1.86186
1.83692
1.80355
1.77528
1.77041
1.80154
1.8639
1.93833
2.00459
2.04887
2.06379
2.04715
2.0027
1.94202
1.88354
1.84403
1.82807
1.82829
1.8355
1.84567
1.8583
1.87205
1.88398
1.89158
1.89403
1.89191
1.8865
1.87917
1.87103
1.86284
1.85518
1.84877
1.84464
1.84342
1.84416
1.84417
1.84172
1.84016
1.84906
1.87838
1.92732
1.98118
2.02273
2.04321
2.04263
2.02563
1.99968
1.97534
1.96227
1.96035
1.95919
1.94818
1.92329
1.88671
1.84472
1.80556
1.77712
1.76529
1.7739
1.80281
1.8447
1.8874
1.92102
1.94133
1.9474
1.939
1.91917
1.89955
1.89623
1.91582
1.95063
1.98637
2.01166
2.0232
2.02468
2.02207
2.01987
2.01934
2.01846
2.01341
2.00125
1.98199
1.95832
1.93291
1.90635
1.87834
1.85068
1.8275
1.81218
1.80521
1.80446
1.80651
1.80767
1.80478
1.79596
1.78201
1.76942
1.77132
1.79831
1.84584
1.89754
1.93975
1.96806
1.98417
1.99147
1.99252
1.98883
1.98179
1.97414
1.97001
1.97273
1.98213
1.99392
2.00236
2.00492
2.00523
2.00866
2.01429
2.01656
2.0126
2.00316
1.98919
1.97088
1.94908
1.92605
1.9044
1.88554
1.86971
1.85724
1.8497
1.84939
1.85683
1.86979
1.88623
1.90736
1.93613
1.97294
2.01353
2.05056
2.07647
2.08468
2.06972
2.02803
1.96098
1.87787
1.7954
1.73328
1.70734
1.72071
1.76142
1.81142
1.85654
1.89028
1.9126
1.92706
1.9385
1.95163
1.96999
1.99485
2.02426
2.0531
2.0743
2.08091
2.06824
2.03596
1.98981
1.94017
1.89711
1.86812
1.8597
1.87188
1.89083
1.89964
1.89709
1.89883
1.91484
1.93384
1.93952
1.92852
1.91064
1.89967
1.90142
1.91031
1.91816
1.92098
1.91886
1.91528
1.91651
1.92828
1.95077
1.97803
2.00255
2.01898
2.02476
2.01952
2.00431
1.98105
1.95225
1.92108
1.89079
1.86219
1.83169
1.79365
1.74463
1.68679
1.63079
1.5959
1.60131
1.65145
1.73191
1.82041
1.89846
1.95502
1.9856
1.9908
1.97548
1.94739
1.91396
1.8794
1.84596
1.8178
1.80139
1.80097
1.8148
1.83624
1.85811
1.87503
1.88296
1.87953
1.86644
1.8504
1.83978
1.83928
1.84776
1.86108
1.87596
1.89183
1.91004
1.93225
1.95927
1.99038
2.02249
2.05017
2.06755
2.07102
2.06073
2.04002
2.0135
1.98505
1.95727
1.93164
1.90861
1.88784
1.86946
1.85577
1.8514
1.85998
1.87983
1.90344
1.92157
1.92818
1.92274
1.90926
1.89351
1.88013
1.87181
1.87023
1.87647
1.89014
1.90816
1.92527
1.93648
1.9396
1.93546
1.92646
1.91588
1.90794
1.90587
1.91005
1.91951
1.93366
1.95123
1.96815
1.97799
1.97481
1.95609
1.92634
1.90109
1.89843
1.91901
1.94915
1.97841
2.00056
2.00895
1.99942
1.97591
1.94893
1.92486
1.8999
1.86865
1.83324
1.8037
1.7917
1.80253
1.8325
1.87384
1.91945
1.96352
2.00122
2.02965
2.04817
2.05758
2.05865
2.05173
2.03736
2.01741
1.99583
1.9783
1.96986
1.97172
1.9805
1.9913
2.00104
2.00817
2.01059
2.00577
1.99245
1.97069
1.94065
1.9044
1.87244
1.86523
1.89506
1.94825
1.99954
2.03381
2.04964
2.05273
2.04871
2.03842
2.01857
1.9866
1.94516
1.90294
1.87144
1.85911
1.86795
1.89477
1.9335
1.97655
2.01619
2.04598
2.06123
2.05888
2.0374
1.9975
1.94441
1.89072
1.85272
1.83617
1.83076
1.82417
1.81332
1.80204
1.79495
1.79389
1.798
1.80574
1.81614
1.82817
1.83981
1.84856
1.85244
1.85119
1.84679
1.84289
1.84224
1.84503
1.84984
1.85604
1.86437
1.87571
1.88956
1.90437
1.91865
1.93136
1.94147
1.94699
1.94512
1.93363
1.91285
1.88589
1.85741
1.8334
1.82219
1.83062
1.85573
1.88553
1.90845
1.91834
1.9142
1.89922
1.8789
1.8586
1.84248
1.83373
1.83372
1.84025
1.84808
1.85263
1.85264
1.85011
1.84965
1.8577
1.87883
1.90999
1.94077
1.96145
1.96984
1.96966
1.96517
1.95967
1.95552
1.95167
1.94451
1.93229
1.91703
1.90242
1.89154
1.88713
1.89246
1.90998
1.93769
1.96796
1.99119
2.00091
1.99611
1.98108
