2.8573
2.87105
2.88941
2.91227
2.93126
2.92752
2.88402
2.80095
2.70062
2.61553
2.56533
2.54821
2.5523
2.56566
2.57994
2.5929
2.60596
2.6172
2.62104
2.61545
2.60615
2.60583
2.63021
2.68498
2.7552
2.81957
2.86683
2.89417
2.90166
2.89126
2.86719
2.83615
2.80742
2.79222
2.79958
2.83063
2.87674
2.92316
2.95539
2.96419
2.9479
2.91341
2.87788
2.86582
2.89162
2.94486
3.00221
3.04732
3.07634
3.09316
3.10333
3.11012
3.11329
3.10984
3.09546
3.06575
3.01806
2.95397
2.88249
2.82055
2.78649
2.78825
2.81763
2.8573
2.89221
2.91487
2.9245
2.92434
2.9185
2.90923
2.8968
2.88294
2.87558
2.88746
2.92197
2.96324
2.99004
2.99256
2.97286
2.93837
2.89748
2.85811
2.82658
2.80579
2.79424
2.78652
2.77587
2.758
2.7342
2.71115
2.6961
2.69128
2.69369
2.70021
2.71154
2.73058
2.75691
2.78419
2.8048
2.81703
2.82724
2.84297
2.86449
2.88627
2.90435
2.91894
2.93253
2.94745
2.96423
2.98074
2.99315
2.99798
2.99285
2.97611
2.94636
2.9035
2.8507
2.79587
2.74964
2.72076
2.71237
2.72114
2.73934
2.76034
2.78436
2.81742
2.86127
2.90566
2.93468
2.93799
2.91408
2.86771
2.8076
2.74649
2.70097
2.6857
2.70309
2.73998
2.77794
2.80622
2.82538
2.84258
2.86485
2.89491
2.93053
2.9654
2.99024
2.99476
2.97077
2.91584
2.8369
2.7512
2.68154
2.64511
2.64334
2.66204
2.68196
2.69026
2.68623
2.67951
2.68179
2.69895
2.73037
2.77279
2.82208
2.8721
2.9138
2.93713
2.9359
2.9126
2.87728
2.8388
2.79971
2.76087
2.72691
2.70581
2.70477
2.72623
2.76675
2.81865
2.87167
2.9144
2.93707
2.93495
2.9103
2.8724
2.83562
2.81559
2.82362
2.86143
2.919
2.97745
3.015
3.01302
2.96151
2.86428
2.74157
2.62514
2.54569
2.5207
2.54971
2.6203
2.7147
2.81176
2.89266
2.94672
2.97211
2.9742
2.96343
2.95174
2.94776
2.95377
2.96671
2.98137
2.99238
2.99461
2.9837
2.95914
2.92773
2.90097
2.88419
2.87106
2.85293
2.83129
2.81855
2.82639
2.85497
2.8952
2.93789
2.97797
3.01234
3.03703
3.04621
3.03335
2.99407
2.93115
2.8573
2.79068
2.74674
2.73654
2.76408
2.81931
2.88218
2.93622
2.97442
2.99601
3.00228
2.99534
2.9787
2.95721
2.93518
2.91423
2.89405
2.87585
2.86409
2.86409
2.87695
2.89766
2.91794
2.9306
2.9318
2.9217
2.9046
2.8879
2.87832
2.87745
2.88097
2.88235
2.87775
2.86845
2.85879
2.85221
2.84866
2.84514
2.83811
2.82622
2.81215
2.80341
2.8099
2.83732
2.88142
2.93014
2.97176
2.99978
3.01155
3.00821
2.99684
2.98453
2.96929
2.9447
2.90901
2.86536
2.81883
2.77703
2.75064
2.74611
2.75741
2.772
2.78293
2.79171
2.80451
2.82714
2.85891
2.88957
2.90601
2.90262
2.88516
2.86639
2.85592
2.85326
2.85254
2.85172
2.85446
2.86507
2.88431
2.90895
2.93208
2.94363
2.93342
2.89533
2.83147
2.75548
2.68907
2.64945
2.6412
2.65845
2.68728
2.71184
2.72388
2.72521
2.7234
2.7272
2.74338
2.7739
2.81395
2.85351
2.8826
2.89685
2.89956
2.89834
2.89892
2.90157
2.90268
2.89863
2.88785
2.87022
2.84591
2.81556
2.78118
2.74558
2.70968
2.67256
2.6356
2.60326
2.5786
2.56123
2.54987
2.54546
2.55203
2.57537
2.61866
2.67812
2.74338
2.80258
2.84658
2.86998
2.87137
2.85576
2.83584
2.82609
2.83232
2.8482
2.86217
2.86612
2.85886
2.84369
2.82428
2.80189
2.77535
2.74266
2.7037
2.6643
2.6389
2.64424
2.68449
2.746
2.80996
2.86508
2.9086
2.94111
2.96236
2.9708
2.96572
2.94954
2.92809
2.90719
2.88798
2.86682
2.83944
2.80359
2.75957
2.71032
2.66153
2.61993
2.59013
2.57271
2.56633
2.57089
2.58677
2.61101
2.63496
2.6481
2.65026
2.65753
2.68055
2.70605
2.71738
2.71252
2.69868
2.68399
2.67502
2.67801
2.69903
2.74082
2.79949
2.86625
2.93123
2.98562
3.02339
3.04295
3.04743
3.04379
3.04026
3.04154
3.0461
3.04889
3.04582
3.03516
3.0152
2.98262
2.93479
2.87491
2.81378
2.76575
2.7428
2.75111
2.7877
2.83916
2.88803
2.92119
2.93236
2.91972
2.88391
2.82821
2.75968
2.69003
2.63431
2.60574
2.60998
2.64402
2.69884
2.76285
2.82621
2.88365
2.93203
2.96732
2.98652
2.99119
2.98699
2.97981
2.97171
2.96004
2.9399
2.90788
2.86466
2.81522
2.76827
2.73752
2.74141
2.78874
2.86214
2.93126
2.97727
2.99729
2.99717
2.98583
2.97239
2.96303
2.95807
2.95221
2.93805
2.91012
2.86734
2.814
2.75939
2.71533
2.6918
2.69331
2.71766
2.75662
2.79855
2.83297
2.85406
2.86105
2.85719
2.84874
2.84321
2.84688
2.86229
2.88761
2.91816
2.94834
2.9728
2.98758
2.99107
2.98397
2.96779
2.94354
2.91187
2.87423
2.83373
2.79499
2.76295
2.74058
2.72639
2.71533
2.70308
2.69057
2.68446
2.69271
2.7179
2.75345
2.78688
2.80778
2.81308
2.8065
2.7949
2.78506
2.78166
2.78611
2.79638
2.80796
2.81571
2.81662
2.8122
2.80753
2.80623
2.80671
2.80444
2.79758
2.78905
2.78319
2.78116
2.77957
2.7725
2.75584
2.73401
2.72294
2.73649
2.76803
2.79705
2.80736
2.79279
2.75538
2.70533
2.66291
2.65562
2.70231
2.79585
2.9075
3.00689
3.07331
3.09569
3.07072
3.00405
2.91302
2.82531
2.76605
2.7421
2.74243
2.75325
2.76851
2.78746
2.80807
2.82597
2.83737
2.84104
2.83787
2.82976
2.81876
2.80654
2.79426
2.78277
2.77315
2.76695
2.76514
2.76624
2.76625
2.76258
2.76024
2.77359
2.81757
2.89098
2.97177
3.03409
3.06481
3.06394
3.03845
2.99952
2.96302
2.9434
2.94052
2.93878
2.92227
2.88494
2.83007
2.76708
2.70834
2.66568
2.64793
2.66085
2.70421
2.76705
2.83109
2.88152
2.912
2.9211
2.90849
2.87876
2.84932
2.84435
2.87373
2.92594
2.97956
3.01748
3.03481
3.03702
3.0331
3.0298
3.02901
3.02769
3.02011
3.00187
2.97298
2.93747
2.89937
2.85952
2.81752
2.77602
2.74124
2.71827
2.70782
2.70668
2.70977
2.7115
2.70717
2.69394
2.67301
2.65414
2.65699
2.69747
2.76877
2.84631
2.90963
2.95209
2.97626
2.9872
2.98879
2.98324
2.97268
2.96121
2.95502
2.9591
2.9732
2.99089
3.00354
3.00738
3.00785
3.01299
3.02144
3.02484
3.0189
3.00474
2.98379
2.95633
2.92362
2.88907
2.8566
2.82832
2.80456
2.78587
2.77456
2.77408
2.78525
2.80469
2.82935
2.86105
2.90419
2.95941
3.0203
3.07584
3.11471
3.12703
3.10458
3.04205
2.94147
2.8168
2.6931
2.59992
2.56101
2.58106
2.64212
2.71713
2.7848
2.83542
2.8689
2.89059
2.90775
2.92744
2.95499
2.99227
3.03639
3.07965
3.11145
3.12137
3.10236
3.05395
2.98472
2.91025
2.84566
2.80217
2.78955
2.80781
2.83624
2.84946
2.84563
2.84825
2.87225
2.90076
2.90928
2.89278
2.86596
2.84951
2.85213
2.86546
2.87724
2.88146
2.87829
2.87292
2.87476
2.89243
2.92616
2.96705
3.00383
3.02846
3.03714
3.02928
3.00646
2.97157
2.92837
2.88162
2.83619
2.79328
2.74753
2.69048
2.61695
2.53018
2.44618
2.39386
2.40196
2.47717
2.59787
2.73062
2.84768
2.93253
2.9784
2.98619
2.96322
2.92109
2.87094
2.8191
2.76893
2.72671
2.70208
2.70145
2.7222
2.75437
2.78716
2.81254
2.82445
2.8193
2.79966
2.7756
2.75967
2.75892
2.77164
2.79162
2.81394
2.83774
2.86506
2.89837
2.93891
2.98558
3.03374
3.07526
3.10132
3.10653
3.0911
3.06004
3.02025
2.97758
2.9359
2.89746
2.86292
2.83177
2.80418
2.78365
2.7771
2.78997
2.81974
2.85516
2.88235
2.89228
2.88411
2.86389
2.84026
2.82019
2.80772
2.80534
2.8147
2.83521
2.86224
2.88791
2.90472
2.9094
2.9032
2.88968
2.87382
2.86192
2.8588
2.86508
2.87927
2.90049
2.92684
2.95223
2.96699
2.96222
2.93414
2.88952
2.85163
2.84764
2.87852
2.92372
2.96761
3.00084
3.01343
2.99914
2.96386
2.92339
2.88729
2.84986
2.80298
2.74986
2.70555
2.68755
2.70379
2.74875
2.81076
2.87918
2.94528
3.00183
3.04447
3.07226
3.08636
3.08798
3.07759
3.05605
3.02611
2.99375
2.96745
2.95479
2.95759
2.97075
2.98695
3.00156
3.01226
3.01589
3.00865
2.98868
2.95603
2.91098
2.8566
2.80866
2.79785
2.84259
2.92237
2.99931
3.05072
3.07446
3.0791
3.07307
3.05763
3.02785
2.9799
2.91773
2.8544
2.80717
2.78867
2.80192
2.84216
2.90026
2.96483
3.02429
3.06897
3.09184
3.08831
3.0561
2.99625
2.91662
2.83608
2.77907
2.75426
2.74614
2.73625
2.71998
2.70306
2.69243
2.69083
2.697
2.70861
2.72422
2.74225
2.75972
2.77284
2.77866
2.77678
2.77019
2.76433
2.76337
2.76754
2.77476
2.78405
2.79656
2.81357
2.83434
2.85656
2.87797
2.89704
2.9122
2.92049
2.91768
2.90044
2.86928
2.82884
2.78611
2.75009
2.73329
2.74592
2.7836
2.8283
2.86267
2.8775
2.8713
2.84883
2.81835
2.7879
2.76372
2.7506
2.75059
2.76038
2.77213
2.77895
2.77896
2.77517
2.77447
2.78655
2.81824
2.86499
2.91116
2.94218
2.95477
2.9545
2.94775
2.93951
2.93328
2.9275
2.91676
2.89843
2.87554
2.85363
2.83731
2.83069
2.8387
2.86497
2.90654
2.95193
2.98678
3.00136
2.99416
2.97161
