           1           ,0.0115332           ,0           ,0
           2           ,0.0345996           ,0           ,0
           3           ,0.0576661           ,0           ,0
           4           ,0.0807325           ,0           ,0
           5           ,0.103799           ,0           ,0
           6           ,0.126865           ,0           ,0
           7           ,0.149932           ,0           ,0
           8           ,0.172998           ,0           ,0
           9           ,0.196065           ,0           ,0
          10           ,0.219131           ,0           ,0
          11           ,0.242198           ,0           ,0
          12           ,0.265264           ,0           ,0
          13           ,0.28833           ,0           ,0
          14           ,0.311397           ,0           ,0
          15           ,0.334463           ,0           ,0
          16           ,0.35753           ,0           ,0
          17           ,0.380596           ,0           ,0
          18           ,0.403663           ,0           ,0
          19           ,0.426729           ,0           ,0
          20           ,0.449795           ,0           ,0
          21           ,0.472862           ,0           ,0
          22           ,0.495928           ,0           ,0
          23           ,0.518995           ,0           ,0
          24           ,0.542061           ,0           ,0
          25           ,0.565128           ,0           ,0
          26           ,0.588194           ,0           ,0
          27           ,0.61126           ,0           ,0
          28           ,0.634327           ,0           ,0
          29           ,0.657393           ,0           ,0
          30           ,0.68046           ,0           ,0
          31           ,0.703526           ,0           ,0
          32           ,0.726593           ,0           ,0
          33           ,0.749659           ,0           ,0
          34           ,0.772725           ,0           ,0
          35           ,0.795792           ,0           ,0
          36           ,0.818858           ,0           ,0
          37           ,0.841925           ,0           ,0
          38           ,0.864991           ,0           ,0
          39           ,0.888058           ,8.83686e-05           ,3.25651e-05
          40           ,0.911124           ,0.00365887           ,0.000221243
          41           ,0.93419           ,0.045352           ,0.00100813
          42           ,0.957257           ,0.291493           ,0.0039623
          43           ,0.980323           ,1.00361           ,0.00871662
          44           ,1.00339           ,2.22778           ,0.00811242
          45           ,1.02646           ,3.62248           ,0.00807715
          46           ,1.04952           ,4.64052           ,0.00858707
          47           ,1.07259           ,4.89636           ,0.0102955
          48           ,1.09566           ,4.48806           ,0.0151288
          49           ,1.11872           ,3.65963           ,0.0074576
          50           ,1.14179           ,2.69935           ,0.00591796
          51           ,1.16485           ,1.82255           ,0.00397039
          52           ,1.18792           ,1.1379           ,0.00405195
          53           ,1.21099           ,0.653782           ,0.00267961
          54           ,1.23405           ,0.351688           ,0.00368896
          55           ,1.25712           ,0.174474           ,0.00257463
          56           ,1.28019           ,0.0842105           ,0.0023342
          57           ,1.30325           ,0.0463675           ,0.00156116
          58           ,1.32632           ,0.0388327           ,0.0013455
          59           ,1.34939           ,0.0590401           ,0.00156975
          60           ,1.37245           ,0.10441           ,0.00144689
          61           ,1.39552           ,0.183285           ,0.00177297
          62           ,1.41859           ,0.300333           ,0.00231348
          63           ,1.44165           ,0.452983           ,0.00201821
          64           ,1.46472           ,0.627917           ,0.00160959
          65           ,1.48778           ,0.800143           ,0.0022746
          66           ,1.51085           ,0.926941           ,0.00284746
          67           ,1.53392           ,0.970106           ,0.00439441
          68           ,1.55698           ,0.93319           ,0.00373482
          69           ,1.58005           ,0.808976           ,0.00289413
          70           ,1.60312           ,0.641915           ,0.00238213
          71           ,1.62618           ,0.464205           ,0.00187031
          72           ,1.64925           ,0.317273           ,0.00167977
          73           ,1.67232           ,0.216335           ,0.00250092
          74           ,1.69538           ,0.188771           ,0.00405643
          75           ,1.71845           ,0.252209           ,0.00402794
          76           ,1.74152           ,0.430562           ,0.00387548
          77           ,1.76458           ,0.744967           ,0.0040919
          78           ,1.78765           ,1.19511           ,0.00476825
          79           ,1.81071           ,1.72804           ,0.00257774
          80           ,1.83378           ,2.24109           ,0.00437186
          81           ,1.85685           ,2.60218           ,0.00826943
          82           ,1.87991           ,2.71877           ,0.00906607
          83           ,1.90298           ,2.56523           ,0.00848531
          84           ,1.92605           ,2.1838           ,0.00446836
          85           ,1.94911           ,1.69062           ,0.00280016
          86           ,1.97218           ,1.19861           ,0.00266478
          87           ,1.99525           ,0.797683           ,0.0044744
          88           ,2.01831           ,0.537624           ,0.00530512
          89           ,2.04138           ,0.42812           ,0.00479169
          90           ,2.06445           ,0.458486           ,0.00410489
          91           ,2.08751           ,0.584148           ,0.00352372
          92           ,2.11058           ,0.755676           ,0.00173199
          93           ,2.13364           ,0.922924           ,0.00236908
          94           ,2.15671           ,1.01914           ,0.00408619
          95           ,2.17978           ,1.02632           ,0.00316456
          96           ,2.20284           ,0.920484           ,0.00280011
          97           ,2.22591           ,0.781873           ,0.00115923
          98           ,2.24898           ,0.65317           ,0.00307186
          99           ,2.27204           ,0.568521           ,0.00427128
         100           ,2.29511           ,0.567925           ,0.00495044
