           1           ,0.0323165           ,0           ,0
           2           ,0.0969496           ,0           ,0
           3           ,0.161583           ,0           ,0
           4           ,0.226216           ,0           ,0
           5           ,0.290849           ,0           ,0
           6           ,0.355482           ,0           ,0
           7           ,0.420115           ,0           ,0
           8           ,0.484748           ,0           ,0
           9           ,0.549381           ,0           ,0
          10           ,0.614014           ,0           ,0
          11           ,0.678647           ,0           ,0
          12           ,0.74328           ,0           ,0
          13           ,0.807913           ,0           ,0
          14           ,0.872546           ,0.0009543           ,4.45567e-05
          15           ,0.937179           ,0.148869           ,0.000489908
          16           ,1.00181           ,1.06512           ,0.0016593
          17           ,1.06645           ,2.0427           ,0.00248221
          18           ,1.13108           ,2.27052           ,0.0024914
          19           ,1.19571           ,2.08951           ,0.00234747
          20           ,1.26034           ,1.83433           ,0.00206205
          21           ,1.32498           ,1.61809           ,0.00151316
          22           ,1.38961           ,1.45429           ,0.00138952
          23           ,1.45424           ,1.33743           ,0.00111616
          24           ,1.51888           ,1.25138           ,0.00109875
          25           ,1.58351           ,1.18918           ,0.00114912
          26           ,1.64814           ,1.14449           ,0.00105468
          27           ,1.71278           ,1.11278           ,0.000872644
          28           ,1.77741           ,1.09063           ,0.00083332
          29           ,1.84204           ,1.07665           ,0.000887945
          30           ,1.90667           ,1.0657           ,0.000853812
          31           ,1.97131           ,1.06121           ,0.000722195
          32           ,2.03594           ,1.05815           ,0.000770789
          33           ,2.10057           ,1.05608           ,0.000822754
          34           ,2.16521           ,1.05273           ,0.000754638
          35           ,2.22984           ,1.04745           ,0.000655039
          36           ,2.29447           ,1.04305           ,0.00062121
          37           ,2.35911           ,1.03758           ,0.000672152
          38           ,2.42374           ,1.03144           ,0.000544979
          39           ,2.48837           ,1.02672           ,0.000571797
          40           ,2.55301           ,1.02166           ,0.000588424
          41           ,2.61764           ,1.01784           ,0.00061285
          42           ,2.68227           ,1.01474           ,0.000428223
          43           ,2.7469           ,1.01072           ,0.000450957
          44           ,2.81154           ,1.00736           ,0.000561718
          45           ,2.87617           ,1.00602           ,0.000478692
          46           ,2.9408           ,1.00347           ,0.000474739
          47           ,3.00544           ,1.00155           ,0.000374668
          48           ,3.07007           ,0.999834           ,0.000466644
          49           ,3.1347           ,0.999601           ,0.000464824
          50           ,3.19934           ,0.997491           ,0.000435036
          51           ,3.26397           ,0.996991           ,0.000400732
          52           ,3.3286           ,0.995938           ,0.000405166
          53           ,3.39323           ,0.9952           ,0.000374635
          54           ,3.45787           ,0.994281           ,0.000416624
          55           ,3.5225           ,0.993598           ,0.000404288
          56           ,3.58713           ,0.993132           ,0.000411128
          57           ,3.65177           ,0.992305           ,0.00038973
          58           ,3.7164           ,0.991763           ,0.000377783
          59           ,3.78103           ,0.990811           ,0.000370812
          60           ,3.84567           ,0.990663           ,0.000374402
          61           ,3.9103           ,0.989434           ,0.000353992
          62           ,3.97493           ,0.990159           ,0.000411131
          63           ,4.03957           ,0.9888           ,0.000361843
          64           ,4.1042           ,0.988706           ,0.000349144
          65           ,4.16883           ,0.988625           ,0.000311166
          66           ,4.23346           ,0.988273           ,0.0003018
          67           ,4.2981           ,0.987644           ,0.000264717
          68           ,4.36273           ,0.988067           ,0.000292925
          69           ,4.42736           ,0.987723           ,0.000295549
          70           ,4.492           ,0.98731           ,0.000258902
          71           ,4.55663           ,0.987797           ,0.000324935
          72           ,4.62126           ,0.987484           ,0.000290807
          73           ,4.6859           ,0.987168           ,0.000280166
          74           ,4.75053           ,0.986921           ,0.000277907
          75           ,4.81516           ,0.986939           ,0.000264301
          76           ,4.87979           ,0.986624           ,0.000275076
          77           ,4.94443           ,0.986794           ,0.000281857
          78           ,5.00906           ,0.986643           ,0.00021601
          79           ,5.07369           ,0.986333           ,0.000244432
          80           ,5.13833           ,0.986175           ,0.000284905
          81           ,5.20296           ,0.986283           ,0.000271922
          82           ,5.26759           ,0.985898           ,0.00028164
          83           ,5.33223           ,0.986358           ,0.000235571
          84           ,5.39686           ,0.986308           ,0.000253139
          85           ,5.46149           ,0.985854           ,0.000248033
          86           ,5.52612           ,0.98656           ,0.000241721
          87           ,5.59076           ,0.986052           ,0.000241923
          88           ,5.65539           ,0.986327           ,0.00020262
          89           ,5.72002           ,0.986189           ,0.000241016
          90           ,5.78466           ,0.985972           ,0.000228524
          91           ,5.84929           ,0.986075           ,0.000216063
          92           ,5.91392           ,0.986064           ,0.000230351
          93           ,5.97856           ,0.985859           ,0.000204252
          94           ,6.04319           ,0.98592           ,0.000194074
          95           ,6.10782           ,0.985633           ,0.000189658
          96           ,6.17246           ,0.985904           ,0.000237182
          97           ,6.23709           ,0.985841           ,0.000223371
          98           ,6.30172           ,0.985856           ,0.000213337
          99           ,6.36635           ,0.985956           ,0.000209911
         100           ,6.43099           ,0.985889           ,0.00021648
