           1           ,0.0128248           ,0           ,0
           2           ,0.0384745           ,0           ,0
           3           ,0.0641241           ,0           ,0
           4           ,0.0897737           ,0           ,0
           5           ,0.115423           ,0           ,0
           6           ,0.141073           ,0           ,0
           7           ,0.166723           ,0           ,0
           8           ,0.192372           ,0           ,0
           9           ,0.218022           ,0           ,0
          10           ,0.243672           ,0           ,0
          11           ,0.269321           ,0           ,0
          12           ,0.294971           ,0           ,0
          13           ,0.32062           ,0           ,0
          14           ,0.34627           ,0           ,0
          15           ,0.37192           ,0           ,0
          16           ,0.397569           ,0           ,0
          17           ,0.423219           ,0           ,0
          18           ,0.448869           ,0           ,0
          19           ,0.474518           ,0           ,0
          20           ,0.500168           ,0           ,0
          21           ,0.525818           ,0           ,0
          22           ,0.551467           ,0           ,0
          23           ,0.577117           ,0           ,0
          24           ,0.602767           ,0           ,0
          25           ,0.628416           ,0           ,0
          26           ,0.654066           ,0           ,0
          27           ,0.679715           ,0           ,0
          28           ,0.705365           ,0           ,0
          29           ,0.731015           ,0           ,0
          30           ,0.756664           ,0           ,0
          31           ,0.782314           ,0           ,0
          32           ,0.807964           ,0           ,0
          33           ,0.833613           ,0           ,0
          34           ,0.859263           ,0           ,0
          35           ,0.884913           ,0.00134807           ,0.000132577
          36           ,0.910562           ,0.0233679           ,0.000655153
          37           ,0.936212           ,0.161577           ,0.00272641
          38           ,0.961861           ,0.557328           ,0.00512816
          39           ,0.987511           ,1.19826           ,0.00377073
          40           ,1.01316           ,1.85142           ,0.00613129
          41           ,1.03881           ,2.329           ,0.00509759
          42           ,1.06446           ,2.56535           ,0.004282
          43           ,1.09011           ,2.55091           ,0.0046683
          44           ,1.11576           ,2.41041           ,0.00469002
          45           ,1.14141           ,2.20143           ,0.0063946
          46           ,1.16706           ,1.97949           ,0.00572596
          47           ,1.19271           ,1.76243           ,0.00406898
          48           ,1.21836           ,1.57249           ,0.00522717
          49           ,1.24401           ,1.39535           ,0.0036498
          50           ,1.26966           ,1.24883           ,0.00541315
          51           ,1.29531           ,1.12673           ,0.0054746
          52           ,1.32096           ,1.02529           ,0.00373209
          53           ,1.34661           ,0.939453           ,0.00407066
          54           ,1.37226           ,0.872909           ,0.00464837
          55           ,1.39791           ,0.817107           ,0.00292633
          56           ,1.42355           ,0.767785           ,0.00256434
          57           ,1.4492           ,0.740896           ,0.00333707
          58           ,1.47485           ,0.710365           ,0.00336187
          59           ,1.5005           ,0.688159           ,0.00239123
          60           ,1.52615           ,0.673804           ,0.00253141
          61           ,1.5518           ,0.667102           ,0.00293217
          62           ,1.57745           ,0.667262           ,0.00401373
          63           ,1.6031           ,0.669937           ,0.00383662
          64           ,1.62875           ,0.685216           ,0.00396269
          65           ,1.6544           ,0.697095           ,0.00353827
          66           ,1.68005           ,0.719047           ,0.0037492
          67           ,1.7057           ,0.746565           ,0.00182381
          68           ,1.73135           ,0.777352           ,0.00403445
          69           ,1.757           ,0.81251           ,0.00222832
          70           ,1.78265           ,0.853085           ,0.00201213
          71           ,1.8083           ,0.889812           ,0.00207097
          72           ,1.83395           ,0.938023           ,0.00141958
          73           ,1.8596           ,0.973012           ,0.00246212
          74           ,1.88525           ,1.01869           ,0.00302403
          75           ,1.9109           ,1.06092           ,0.00334247
          76           ,1.93655           ,1.09724           ,0.00237814
          77           ,1.9622           ,1.13502           ,0.002885
          78           ,1.98785           ,1.16207           ,0.00334805
          79           ,2.0135           ,1.1918           ,0.00297019
          80           ,2.03915           ,1.20499           ,0.00258118
          81           ,2.0648           ,1.21779           ,0.00306328
          82           ,2.09045           ,1.21885           ,0.00291158
          83           ,2.1161           ,1.2101           ,0.00277585
          84           ,2.14174           ,1.19634           ,0.00255417
          85           ,2.16739           ,1.17662           ,0.00283428
          86           ,2.19304           ,1.15518           ,0.00197017
          87           ,2.21869           ,1.12407           ,0.00244163
          88           ,2.24434           ,1.0969           ,0.00172547
          89           ,2.26999           ,1.07278           ,0.00129209
          90           ,2.29564           ,1.04122           ,0.00275709
          91           ,2.32129           ,1.00982           ,0.00276117
          92           ,2.34694           ,0.988269           ,0.00154049
          93           ,2.37259           ,0.961685           ,0.00134719
          94           ,2.39824           ,0.947405           ,0.00193208
          95           ,2.42389           ,0.927059           ,0.00303652
          96           ,2.44954           ,0.915748           ,0.00261937
          97           ,2.47519           ,0.90827           ,0.00263689
          98           ,2.50084           ,0.894414           ,0.00240159
          99           ,2.52649           ,0.881755           ,0.00252996
         100           ,2.55214           ,0.88197           ,0.00250799
