1.59525
2.6614
3.80031
4.66781
5.17367
5.38121
5.4281
5.43511
5.45374
5.4967
5.55382
5.55568
5.44599
5.30371
5.29474
5.45642
5.64424
5.70462
5.60392
5.44192
5.38391
5.5139
5.76037
6.02061
6.22188
6.29319
6.19387
5.95329
5.67396
5.47506
5.40193
5.41209
5.43856
5.44243
5.43043
5.4246
5.42964
5.44774
5.49645
5.57597
5.64277
5.64648
5.57248
5.44069
5.27459
5.09396
4.94459
4.89808
4.98132
5.14054
5.29905
5.42666
5.54532
5.64018
5.65116
5.55714
5.38364
5.18318
5.03671
5.00346
5.05781
5.12454
5.15778
5.17342
5.21909
5.31251
5.41674
5.46633
5.40522
5.23763
5.06941
5.05674
5.23513
5.46812
5.62607
5.66898
5.61192
5.51113
5.43793
5.41877
5.41941
5.4141
5.44942
5.58325
5.7826
5.97951
6.12511
6.17048
6.10123
5.96004
5.79531
5.62331
5.44456
5.26816
5.12652
5.07682
5.15072
5.29847
5.3723
5.28069
5.08144
4.87217
4.71162
4.63347
4.62344
4.67741
4.83289
5.08493
5.36233
5.58453
5.7043
5.72411
5.70071
5.68233
5.66468
5.64694
5.63801
5.62304
5.59252
5.56691
5.55869
5.5401
5.48001
5.41048
5.39967
5.4632
5.54665
5.56866
5.48763
5.33018
5.19704
5.1764
5.2312
5.27613
5.26973
5.20494
5.10547
5.02911
5.02968
5.11895
5.28499
5.47637
5.6378
5.74706
5.78238
5.71728
5.55984
5.37925
5.27768
5.30055
5.38147
5.42782
5.40062
5.31533
5.23547
5.23344
5.31179
5.39926
5.43566
5.4297
5.42187
5.41314
5.38882
5.37891
5.44939
5.63165
5.87353
6.07986
6.17962
6.14136
5.9604
5.66788
5.35141
5.12802
5.06274
5.11784
5.18852
5.23338
5.29227
5.38888
5.52556
5.68686
5.81033
5.83035
5.74309
5.60649
5.49408
5.4457
5.44721
5.43917
5.35345
5.23499
5.20884
5.25411
5.35109
5.48786
5.63078
5.73097
5.75034
5.70282
5.64476
5.62917
5.66105
5.69925
5.70117
5.64514
5.5255
5.35436
5.18499
5.112
5.1625
5.25258
5.32884
5.38693
5.3995
5.32931
5.19845
5.08295
5.02947
5.03573
5.09109
5.18654
5.31318
5.46379
5.62008
5.75109
5.84322
5.91231
5.97998
6.04419
6.0618
5.98476
5.81034
5.59627
5.44294
5.40192
5.40809
5.36325
5.23704
5.09563
5.02531
5.05565
5.17935
5.36641
5.5403
5.60035
5.5052
5.32783
5.19756
5.1626
5.18753
5.23893
5.29977
5.35165
5.366
5.31868
5.22227
5.14193
5.14712
5.24002
5.38234
5.55756
5.74743
5.90237
5.97445
5.95966
5.91482
5.92087
5.99749
6.0817
6.09725
6.00073
5.80705
5.58527
5.41275
5.35125
5.4024
5.50592
5.60616
5.68517
5.72327
5.65458
5.47625
5.31444
5.26079
5.28699
5.31054
5.23285
5.05395
4.92828
4.97938
5.10859
5.20108
5.23511
5.19608
5.08124
4.98623
5.0563
5.23535
5.41174
5.5621
5.65038
5.6462
5.5929
5.54619
5.54609
5.59852
5.67587
5.76931
5.88672
5.99261
6.01911
5.95093
5.86309
5.83541
5.8549
5.86476
5.86069
5.86786
5.8679
5.83494
5.77043
5.69624
5.6383
5.57934
5.47187
5.30743
5.13288
5.01428
5.00236
5.1135
5.3174
5.54093
5.71518
5.82627
5.90537
5.97557
6.03002
6.04725
5.99166
5.85658
5.70467
5.60103
5.55456
5.52158
5.48686
5.49118
5.51074
5.48104
5.40996
5.34686
5.33146
5.38803
5.50159
5.60849
5.65265
5.66443
5.73397
5.83643
5.86516
5.79765
5.66062
5.50482
5.40268
5.37094
5.38233
5.43133
5.52478
5.64248
5.732
5.73858
5.65837
5.54439
5.46443
5.43881
5.41127
5.34365
5.28385
5.28699
5.37358
5.5273
5.68178
5.79476
5.8468
5.8054
5.65149
5.46939
5.42042
5.48677
5.54769
5.5874
5.6484
5.7224
5.74489
5.69027
5.60653
5.56268
5.5695
5.55936
5.48881
5.41362
5.41589
5.48629
5.55548
5.57669
5.52841
5.4199
5.31669
5.28559
5.31278
5.34579
5.37169
5.42217
5.49465
5.53372
5.52138
5.48621
5.4944
5.5707
5.65996
5.68846
5.63622
5.55982
5.54439
5.61306
5.71522
5.80874
5.89769
5.988
6.05657
6.09242
6.11319
6.13367
6.17245
6.24572
6.32529
6.3377
6.2137
5.96088
5.71299
5.58024
5.5344
5.53957
5.57796
5.63151
5.66678
5.63167
5.50199
5.318
5.16978
5.14311
5.252
5.42605
5.55562
5.57418
5.48869
5.34344
5.20032
5.12477
5.17363
5.35528
5.59743
5.81475
5.96354
6.0393
6.05732
6.03318
5.98374
5.92881
5.89927
5.91498
5.95197
5.97406
5.9672
5.93675
5.88413
5.8469
5.89451
5.98424
6.0401
6.05951
6.04611
5.96404
5.78862
5.58506
5.47986
5.53529
5.67589
5.78485
5.82861
5.83207
5.80313
5.73056
5.6187
5.49853
5.41672
5.40021
5.43044
5.45047
5.41776
5.33799
5.2498
5.25284
5.4401
5.68822
5.82772
5.83191
5.75712
5.67833
5.64568
5.65358
5.66686
5.65339
5.59126
5.489
5.42336
5.49532
5.67742
5.85078
5.95977
6.02648
6.10099
6.19394
6.25596
6.23842
6.13335
5.95699
5.72887
5.47424
5.2525
5.1584
5.22756
5.38019
5.53632
5.66335
5.73155
5.72848
5.67117
5.5768
5.48247
5.44967
5.49771
5.59195
5.71264
5.8583
6.00625
6.12248
6.18701
6.1881
6.12523
6.0261
5.92883
5.84373
5.74006
5.61194
5.54406
5.60356
5.71411
5.76102
5.72361
5.62997
5.46977
5.25127
5.07555
5.03719
5.12188
5.25624
5.38117
5.47646
5.54371
5.60643
5.70774
5.84107
5.93615
5.96031
5.93811
5.90443
5.89488
5.93231
5.99011
6.01422
5.97208
5.86376
5.72898
5.63735
5.61285
5.60604
5.581
5.56074
5.58264
5.63158
5.66267
5.64397
5.58437
5.56663
5.6496
5.7742
5.86374
5.88954
5.84905
5.7558
5.65003
5.59155
5.60858
5.66204
5.68375
5.65672
5.64997
5.73114
5.85722
5.91248
5.85813
5.76158
5.69616
5.66901
5.66322
5.67936
5.7156
5.76708
5.84083
5.92444
5.96801
5.93225
5.80333
5.59174
5.37221
5.27531
5.34627
5.48973
5.61234
5.67125
5.68314
5.69755
5.72728
5.74
5.70608
5.63087
5.53619
5.42995
5.33109
5.27591
5.29111
5.36971
5.46983
5.55467
5.61418
5.64441
5.62737
5.57126
5.53511
5.56592
5.64202
5.69735
5.70292
5.69241
5.73394
5.84675
5.94907
5.96007
5.87686
5.75189
5.6519
5.62194
5.66681
5.77441
5.92112
6.05503
6.1131
6.07882
6.01033
5.96077
5.91804
5.85994
5.79953
5.74837
5.68659
5.6195
5.61547
5.69033
5.78251
5.84729
5.86578
5.83573
5.77538
5.71214
5.68272
5.71948
5.80783
5.90214
5.99226
6.08773
6.16204
6.17412
6.1027
5.94546
5.74168
5.57269
5.48699
5.452
5.42877
5.41485
5.40961
5.39913
5.37287
5.35221
5.38496
5.48702
5.62203
5.74922
5.86608
5.9864
6.1048
6.20704
6.28095
6.30952
6.27789
6.19224
6.08072
5.96366
5.83757
5.71491
5.6392
5.62797
5.6509
5.66863
5.66864
5.66789
5.69659
5.76478
5.84698
5.90591
5.93065
5.9491
5.98202
5.99788
5.94836
5.82667
5.66737
5.52155
5.4463
5.4661
5.55184
5.65469
5.74225
5.81683
5.90868
6.03018
6.13096
6.1253
5.97687
5.7242
5.42392
5.13605
4.9311
4.86609
4.97656
5.21292
5.43447
5.52888
5.48783
5.37508
5.27217
5.23759
5.26899
5.32167
5.35586
5.35601
5.34184
5.36992
5.4942
5.68161
5.82541
5.87072
5.86714
5.90949
6.02615
6.13616
6.12683
5.97307
5.7756
5.65869
5.65595
5.70917
5.72611
5.65436
5.50907
5.3478
5.22838
5.16976
5.16124
5.20047
5.29736
5.45665
5.6445
5.77575
5.8079
5.79634
5.77762
5.7585
5.76434
5.80062
5.8577
5.94193
6.03258
6.07011
6.02238
5.89668
5.69639
5.48071
5.39012
5.46117
5.59353
5.68902
5.67515
5.54041
5.46031
5.49419
5.48611
5.43374
5.40567
5.43349
5.50698
5.62121
5.80901
5.99068
6.02685
5.93727
5.81884
5.70229
5.56462
5.40547
5.28094
5.24448
5.30294
5.44667
5.6279
5.74858
5.73907
5.61355
5.48881
5.49622
5.60513
5.69448
5.69696
5.59334
5.40448
5.19715
5.04551
4.98801
5.02517
5.1267
5.27003
5.44018
5.58879
5.69594
5.78612
5.86543
5.90928
5.88498
5.76556
5.57054
5.37141
5.2398
5.19464
5.19611
5.20999
5.25293
5.35674
5.513
5.6572
5.70838
5.64295
5.5343
5.48916
5.53516
5.64593
5.81316
5.98373
6.03594
5.89385
5.62604
5.41159
5.38239
5.52754
5.76468
6.00522
6.1622
6.18602
6.10113
5.96675
5.78676
5.52975
5.23327
5.0284
5.04991
5.31494
5.70975
6.08098
6.31752
6.38014
6.29233
6.11337
5.89228
5.64317
5.3863
5.17158
5.05449
5.07043
5.21811
5.45103
5.69522
5.90103
6.05006
6.10548
6.01483
5.77024
5.45721
5.22141
5.13584
5.14478
5.19112
5.25613
5.31414
5.37428
5.46502
5.5894
5.72395
5.8298
5.86034
5.78772
5.64606
5.53985
5.54908
5.61651
5.63961
5.57476
5.4413
5.30321
5.20202
5.12308
5.04242
4.98528
5.05966
5.26817
5.46212
5.55698
5.54036
5.47832
5.45042
5.45498
5.45851
5.45607
5.48738
5.59602
5.73461
5.79368
5.75058
5.70518
5.74651
5.86658
5.9906
6.03046
5.96087
5.8472
5.77405
5.73491
5.65887
5.53985
5.43851
5.40947
5.45669
5.50897
5.50081
5.43514
5.35727
5.32207
5.35594
5.44958
5.59354
5.77401
5.94993
6.07281
6.10819
6.046
5.9042
5.73833
5.64561
5.68753
5.80352
5.87865
5.83544
5.66171
5.41849
5.24155
5.26014
5.44379
5.6117
5.60788
5.44166
5.28292
