1.0635
1.77427
2.53354
3.11187
3.44911
3.58747
3.61873
3.62341
3.63583
3.66447
3.70254
3.70378
3.63066
3.53581
3.52983
3.63761
3.76282
3.80308
3.73595
3.62795
3.58927
3.67593
3.84025
4.01374
4.14792
4.19546
4.12925
3.96886
3.78264
3.65004
3.60129
3.60806
3.62571
3.62829
3.62029
3.6164
3.61976
3.63183
3.6643
3.71732
3.76185
3.76432
3.71499
3.62713
3.51639
3.39597
3.29639
3.26538
3.32088
3.42702
3.5327
3.61777
3.69688
3.76012
3.76744
3.70476
3.58909
3.45546
3.35781
3.33564
3.37188
3.41636
3.43852
3.44895
3.4794
3.54167
3.61116
3.64422
3.60348
3.49175
3.37961
3.37116
3.49009
3.64541
3.75071
3.77932
3.74128
3.67409
3.62529
3.61251
3.61294
3.6094
3.63295
3.72217
3.85507
3.98634
4.08341
4.11366
4.06749
3.97336
3.86354
3.74887
3.62971
3.5121
3.41768
3.38454
3.43381
3.53231
3.58153
3.52046
3.38763
3.24811
3.14108
3.08898
3.08229
3.11827
3.22192
3.38996
3.57489
3.72302
3.80287
3.81607
3.80047
3.78822
3.77645
3.76463
3.75867
3.74869
3.72835
3.71128
3.70579
3.6934
3.65334
3.60699
3.59978
3.64214
3.69777
3.71244
3.65842
3.55345
3.46469
3.45093
3.48747
3.51742
3.51315
3.46996
3.40365
3.35274
3.35312
3.41263
3.52333
3.65091
3.75853
3.83138
3.85492
3.81152
3.70656
3.58616
3.51845
3.5337
3.58765
3.61855
3.60041
3.54356
3.49031
3.48896
3.54119
3.5995
3.62378
3.6198
3.61458
3.60876
3.59255
3.58594
3.63292
3.75443
3.91569
4.05324
4.11974
4.09424
3.9736
3.77859
3.56761
3.41868
3.37516
3.41189
3.45901
3.48892
3.52818
3.59259
3.68371
3.79124
3.87355
3.8869
3.82873
3.73766
3.66272
3.63047
3.63147
3.62611
3.56896
3.48999
3.47256
3.50274
3.56739
3.65857
3.75385
3.82064
3.83356
3.80188
3.76318
3.75278
3.77403
3.7995
3.80078
3.76343
3.68367
3.56958
3.45666
3.408
3.44167
3.50172
3.55256
3.59129
3.59967
3.55287
3.46563
3.38863
3.35298
3.35715
3.39406
3.45769
3.54212
3.64253
3.74672
3.83406
3.89548
3.94154
3.98665
4.02946
4.0412
3.98984
3.87356
3.73084
3.62863
3.60128
3.60539
3.5755
3.49136
3.39708
3.3502
3.37043
3.4529
3.57761
3.69353
3.73356
3.67014
3.55189
3.46504
3.44173
3.45836
3.49262
3.53318
3.56776
3.57734
3.54578
3.48151
3.42795
3.43141
3.49335
3.58823
3.70504
3.83162
3.93491
3.98297
3.9731
3.94321
3.94725
3.99833
4.05447
4.06483
4.00049
3.87136
3.72351
3.6085
3.5675
3.6016
3.67061
3.73744
3.79011
3.81552
3.76972
3.65083
3.54296
3.50719
3.52466
3.54036
3.48857
3.3693
3.28552
3.31959
3.40573
3.46739
3.49007
3.46405
3.38749
3.32416
3.37087
3.49023
3.60783
3.70807
3.76692
3.76413
3.7286
3.69746
3.6974
3.73235
3.78391
3.84621
3.92448
3.99507
4.01274
3.96729
3.90872
3.89027
3.90326
3.90984
3.90713
3.91191
3.91194
3.88996
3.84695
3.7975
3.75887
3.71956
3.64791
3.53829
3.42192
3.34285
3.33491
3.409
3.54494
3.69395
3.81012
3.88418
3.93691
3.98371
4.02001
4.0315
3.99444
3.90439
3.80312
3.73402
3.70304
3.68105
3.6579
3.66079
3.67382
3.65403
3.60664
3.56457
3.5543
3.59202
3.66773
3.73899
3.76843
3.77628
3.82265
3.89096
3.91011
3.8651
3.77375
3.66988
3.60178
3.58063
3.58822
3.62088
3.68319
3.76165
3.82133
3.82572
3.77224
3.69626
3.64295
3.62587
3.60751
3.56244
3.52257
3.52466
3.58239
3.68487
3.78785
3.86317
3.89787
3.87027
3.76766
3.64626
3.61362
3.65785
3.69846
3.72493
3.7656
3.81494
3.82993
3.79352
3.73769
3.70846
3.713
3.70624
3.65921
3.60908
3.6106
3.65752
3.70365
3.71779
3.68561
3.61326
3.54446
3.52373
3.54185
3.56386
3.58112
3.61478
3.6631
3.68915
3.68092
3.65748
3.66293
3.7138
3.77331
3.7923
3.75748
3.70654
3.69626
3.74204
3.81015
3.87249
3.93179
3.992
4.03771
4.06161
4.07546
4.08911
4.11497
4.16381
4.21686
4.22513
4.14246
3.97392
3.80866
3.72016
3.6896
3.69305
3.71864
3.75434
3.77785
3.75444
3.668
3.54534
3.44652
3.42874
3.50134
3.61737
3.70374
3.71612
3.65912
3.56229
3.46688
3.41651
3.44908
3.57019
3.73162
3.8765
3.97569
4.0262
4.03821
4.02212
3.98916
3.95254
3.93285
3.94332
3.96798
3.98271
3.97813
3.95783
3.92275
3.89793
3.92967
3.98949
4.02673
4.03968
4.03074
3.97602
3.85908
3.72338
3.65324
3.69019
3.78393
3.85656
3.88574
3.88805
3.86876
3.82037
3.7458
3.66568
3.61115
3.60014
3.62029
3.63365
3.61184
3.55866
3.49987
3.50189
3.62673
3.79214
3.88515
3.88794
3.83808
3.78556
3.76379
3.76905
3.77791
3.76893
3.72751
3.65933
3.61558
3.66355
3.78494
3.90052
3.97318
4.01765
4.06733
4.12929
4.17064
4.15894
4.0889
3.97133
3.81925
3.64949
3.50167
3.43893
3.48504
3.58679
3.69088
3.77557
3.82103
3.81899
3.78078
3.71786
3.65498
3.63311
3.66514
3.72797
3.80842
3.90553
4.00417
4.08165
4.12467
4.1254
4.08348
4.0174
3.95255
3.89582
3.82671
3.7413
3.69604
3.73571
3.80941
3.84068
3.81574
3.75331
3.64651
3.50085
3.3837
3.35813
3.41459
3.50416
3.58744
3.65097
3.69581
3.73762
3.80516
3.89405
3.95743
3.97354
3.95874
3.93629
3.92992
3.95488
3.9934
4.00948
3.98139
3.90918
3.81932
3.75823
3.7419
3.73736
3.72067
3.70716
3.72176
3.75439
3.77512
3.76265
3.72291
3.71109
3.7664
3.84947
3.90916
3.92636
3.89936
3.8372
3.76669
3.7277
3.73906
3.77469
3.78917
3.77115
3.76665
3.82076
3.90481
3.94165
3.90542
3.84105
3.79744
3.77934
3.77548
3.78624
3.8104
3.84472
3.89389
3.94963
3.97867
3.95484
3.86889
3.72783
3.58148
3.51688
3.56418
3.65982
3.74156
3.78083
3.78876
3.79837
3.81819
3.82667
3.80405
3.75391
3.6908
3.61997
3.55406
3.51727
3.52741
3.57981
3.64655
3.70311
3.74279
3.76294
3.75158
3.71418
3.69007
3.71062
3.76135
3.79823
3.80194
3.79494
3.82263
3.89783
3.96605
3.97338
3.91791
3.83459
3.76793
3.74796
3.77787
3.84961
3.94741
4.03669
4.0754
4.05255
4.00689
3.97384
3.94536
3.90662
3.86635
3.83224
3.79106
3.74633
3.74365
3.79356
3.85501
3.89819
3.91052
3.89048
3.85026
3.8081
3.78848
3.81299
3.87189
3.93476
3.99484
4.05848
4.10802
4.11608
4.06847
3.96364
3.82779
3.71512
3.65799
3.63467
3.61918
3.6099
3.6064
3.59942
3.58191
3.56814
3.58997
3.65801
3.74802
3.83281
3.91072
3.99093
4.06987
4.13803
4.1873
4.20635
4.18526
4.12816
4.05381
3.97577
3.89171
3.80994
3.75947
3.75198
3.76727
3.77909
3.77909
3.77859
3.79773
3.84319
3.89799
3.93727
3.95377
3.96607
3.98801
3.99859
3.96557
3.88445
3.77825
3.68103
3.63087
3.64407
3.70123
3.76979
3.82817
3.87789
3.93912
4.02012
4.08731
4.08353
3.98458
3.81613
3.61594
3.42404
3.2874
3.24406
3.31771
3.47528
3.62298
3.68592
3.65856
3.58339
3.51478
3.49173
3.51266
3.54778
3.57057
3.57067
3.56123
3.57995
3.6628
3.78774
3.88361
3.91381
3.91143
3.93966
4.01743
4.09077
4.08455
3.98205
3.8504
3.77246
3.77063
3.80611
3.8174
3.76957
3.67272
3.5652
3.48559
3.44651
3.44083
3.46698
3.53158
3.63777
3.763
3.8505
3.87193
3.86423
3.85175
3.839
3.84289
3.86708
3.90514
3.96129
4.02172
4.04674
4.01492
3.93112
3.7976
3.65381
3.59341
3.64078
3.72902
3.79268
3.78343
3.69361
3.64021
3.66279
3.6574
3.62249
3.60378
3.62233
3.67132
3.74747
3.87268
3.99379
4.0179
3.95818
3.87923
3.80153
3.70975
3.60365
3.52063
3.49632
3.5353
3.63111
3.75193
3.83239
3.82604
3.74237
3.65921
3.66415
3.73676
3.79632
3.79797
3.72889
3.60298
3.46476
3.36368
3.32534
3.35011
3.4178
3.51335
3.62678
3.72586
3.79729
3.85741
3.91028
3.93952
3.92332
3.8437
3.71369
3.58094
3.4932
3.4631
3.46407
3.47333
3.50196
3.57116
3.67533
3.77147
3.80559
3.76196
3.68953
3.65944
3.69011
3.76395
3.87544
3.98915
4.02396
3.92924
3.75069
3.60773
3.58826
3.68503
3.84312
4.00348
4.10814
4.12401
4.06742
3.97783
3.85784
3.6865
3.48885
3.35226
3.3666
3.54329
3.8065
4.05399
4.21168
4.25343
4.19488
4.07558
3.92819
3.76211
3.59086
3.44772
3.36966
3.38029
3.47874
3.63402
3.79681
3.93402
4.03337
4.07032
4.00989
3.84683
3.63814
3.48094
3.42389
3.42985
3.46075
3.50409
3.54276
3.58285
3.64335
3.72627
3.81597
3.88654
3.90689
3.85848
3.76404
3.69323
3.69939
3.74434
3.75974
3.71651
3.62753
3.53547
3.46802
3.41539
3.36161
3.32352
3.3731
3.51211
3.64141
3.70465
3.69357
3.65221
3.63361
3.63666
3.63901
3.63738
3.65826
3.73068
3.82308
3.86245
3.83372
3.80345
3.83101
3.91105
3.99374
4.0203
3.97391
3.89813
3.84936
3.82327
3.77258
3.69323
3.62567
3.60631
3.6378
3.67265
3.6672
3.62343
3.57152
3.54804
3.57063
3.63305
3.72903
3.84934
3.96662
4.04854
4.07213
4.03067
3.93614
3.82555
3.76374
3.79169
3.86901
3.9191
3.8903
3.77447
3.61233
3.49437
3.50676
3.6292
3.74113
3.73859
3.62777
3.52195
