3.62573
3.62505
3.62322
3.62395
3.62205
3.62124
3.62359
3.62346
3.62512
3.62678
3.62642
3.62697
3.62883
3.62956
3.62913
3.62736
3.62681
3.62634
3.62701
3.62743
3.62689
3.62729
3.62799
3.62826
3.62882
3.62819
3.62549
3.62434
3.62472
3.62489
3.62682
3.62723
3.62644
3.62479
3.62495
3.62405
3.62299
3.62496
3.62467
3.6254
3.62719
3.62673
3.62599
3.62585
3.62631
3.62573
3.62668
3.62504
3.62425
3.6248
3.62509
3.62451
3.6233
3.62386
3.62446
3.62447
3.62389
3.62454
3.62458
3.62395
3.62465
3.62432
3.62494
3.62694
3.62726
3.62678
3.62704
3.62549
3.62579
3.62601
3.62597
3.62464
3.62288
3.62159
3.62173
3.62189
3.62314
3.62395
3.62396
3.62484
3.62345
3.62273
3.62307
3.6232
3.62436
3.62389
3.6228
3.62264
3.62342
3.62375
3.62346
3.62406
3.62541
3.62603
3.62576
3.62623
3.62651
3.62656
3.62544
3.62594
3.62721
3.62603
3.62589
3.62542
3.62572
3.62772
3.62728
3.62784
3.62734
3.62701
3.62656
3.6269
3.62558
3.62632
3.62632
3.62558
3.62768
3.62857
3.62768
3.62753
3.62676
3.62703
3.62766
3.62605
3.62606
3.62587
3.62506
3.62504
3.6243
3.62482
3.62549
3.62606
3.6251
3.62552
3.62658
3.62583
3.62466
3.62711
3.62635
3.6259
3.62632
3.62645
3.62569
3.62493
3.62521
3.62355
3.62404
3.6241
3.62202
3.62243
3.62297
3.62219
3.62251
3.62164
3.62275
3.62291
3.62346
3.62357
3.62343
3.62376
3.62301
3.62224
3.62211
3.62291
3.62294
3.62321
3.6242
3.62356
3.62474
3.62473
3.62595
3.62538
3.62726
3.62835
3.62892
3.62855
3.62929
3.62963
3.63161
3.63268
3.63147
3.63113
3.62912
3.62942
3.629
3.62889
3.6274
3.62648
3.62688
3.62923
3.62909
3.62904
3.62795
3.62585
3.6254
3.62584
3.62476
3.62414
3.62506
3.62329
3.62272
3.62333
3.62556
3.62493
3.62598
3.62552
3.62567
3.62463
3.62606
3.62623
3.62783
3.62704
3.62599
3.62477
3.62414
3.6243
3.62511
3.62453
3.62513
3.62694
3.62572
3.62541
3.62526
3.62525
3.62493
3.62629
3.6254
3.62526
3.62617
3.626
3.62506
3.62626
3.62539
3.62681
3.627
3.62649
3.62551
3.62594
3.62524
3.62333
3.62245
3.6229
3.62319
3.62435
3.62444
3.6241
3.62369
3.62242
3.62094
3.62152
3.62075
3.62075
3.6209
3.62163
3.62282
3.62192
3.62392
3.62548
3.62427
3.62409
3.62499
3.62589
3.62541
3.62629
3.62537
3.62511
3.62471
3.62397
3.62423
3.62508
3.6243
3.62415
3.62525
3.62605
3.62609
3.6261
3.6253
3.62466
3.62404
3.62524
3.62473
3.62472
3.62435
3.625
3.62437
3.62325
3.62197
3.62272
3.62373
3.62352
3.62405
3.62368
3.62218
3.62323
3.62337
3.62448
3.62338
3.62302
3.62296
3.62387
3.624
3.62277
3.62221
3.623
3.62408
3.62319
3.62483
3.62573
3.62378
3.62346
3.62296
3.62355
3.62148
3.61957
3.62122
3.62162
3.62222
3.62089
3.62164
3.62117
3.62072
3.62073
3.62302
3.6221
3.62372
3.62371
3.62495
3.62469
3.62563
3.62579
3.62593
3.62573
3.62448
3.62462
3.62404
3.62451
3.62541
3.6263
3.62612
3.6255
3.62614
3.62557
3.62331
3.62479
3.62433
3.62346
3.6245
3.62505
3.62477
3.62405
3.62483
3.625
3.62484
3.6242
3.62627
3.6278
3.62862
3.62891
3.62656
3.62806
3.62777
3.62705
3.6277
3.62756
3.62904
3.6295
3.62876
3.6289
3.62932
3.62883
3.62867
3.62825
3.62648
3.62544
3.62509
3.62641
3.62766
3.62648
3.62589
3.62649
3.6269
3.62961
3.6296
3.62807
3.62744
3.62718
3.62729
3.62757
3.62643
3.62492
3.62526
3.6251
3.6252
3.62594
3.62537
3.62511
3.62664
3.62765
3.62852
3.62932
3.6303
3.62878
3.62843
3.6281
3.62794
3.62763
3.62707
3.62741
3.6283
3.62871
3.62839
3.62901
3.62947
3.63003
3.63169
3.6308
3.6298
3.62891
3.62917
3.62897
3.62775
3.62718
3.62739
3.62651
3.62784
3.62615
3.62556
3.62512
3.62571
3.62615
3.62572
3.62452
3.62484
3.62485
3.62514
3.62509
3.62488
3.62562
3.62721
3.62713
3.6271
3.62708
3.62769
3.62829
3.62616
3.62568
3.6249
3.62614
3.6268
3.62731
3.62657
3.62697
3.6266
3.62716
3.62732
3.62674
3.62647
3.62741
3.62639
3.6264
3.6259
3.62645
3.62628
3.62568
3.62735
3.62902
3.62947
3.62978
3.62829
3.62922
3.62905
3.63009
3.63084
3.62948
3.62993
3.62964
3.62864
3.62695
3.62841
3.62736
3.62827
3.62688
3.62579
3.62704
3.62485
3.62474
3.62332
3.62355
3.62294
3.62372
3.62373
3.62387
3.62341
3.62389
3.62497
3.6265
3.62483
3.62524
3.62521
3.62507
3.62553
3.62393
3.62521
3.62497
3.62275
3.62215
3.62219
3.62466
3.62334
3.62258
3.62225
3.62177
3.62236
3.62266
3.62194
3.62293
3.62381
3.62555
3.62401
3.62524
3.62604
3.6259
3.62405
3.62417
3.62508
3.62282
3.62252
3.62177
3.62239
3.62366
3.62413
3.62619
3.62523
3.62598
3.62672
3.62611
3.62643
3.62598
3.62842
3.62876
3.62922
3.6292
3.6295
3.62905
3.62874
3.62962
3.62855
3.62869
3.62627
3.62719
3.62842
3.62766
3.62733
3.62777
3.62783
3.62773
3.62617
3.62669
3.62533
3.6255
3.62564
3.62397
3.62388
3.62244
3.62273
3.62465
3.62553
3.62522
3.62372
3.62374
3.62513
3.62785
3.62629
3.62521
3.62569
3.62571
3.62709
3.62816
3.62784
3.62613
3.62611
3.62747
3.62839
3.62723
3.62709
3.6278
3.62778
3.62961
3.63009
3.62797
3.62794
3.62746
3.6261
3.62586
3.62697
3.62678
3.62809
3.62717
3.62732
3.62838
3.62674
3.62738
3.62709
3.62752
3.62671
3.6264
3.62615
3.62696
3.62557
3.62609
3.62713
3.62838
3.62813
3.62888
3.62886
3.62886
3.62795
3.62779
3.62795
3.62794
3.62746
3.62773
3.62682
3.62576
3.62565
3.62377
3.62531
3.62509
3.62549
3.62547
3.62579
3.62749
3.62871
3.62839
3.627
3.62595
3.62612
3.62612
3.62522
3.62449
3.62541
3.62692
3.62841
3.62627
3.62672
3.62567
3.62475
3.62551
3.6254
3.62543
3.62556
3.62673
3.6261
3.62778
3.62707
3.62679
3.62567
3.62517
3.62502
3.62445
3.62495
3.62408
3.62332
3.62165
3.62345
3.62478
3.62398
3.62367
3.62327
3.62467
3.62542
3.62465
3.62406
3.62512
3.62418
3.62553
3.62362
3.62408
3.62374
3.62553
3.62507
3.62507
3.62523
3.62615
3.62557
3.62423
3.62422
3.62373
3.62222
3.62043
3.62117
3.62054
3.62173
3.62052
3.62038
3.62179
3.62198
3.6218
3.62344
3.62359
3.6254
3.62615
3.62569
3.6254
3.62513
3.62499
3.62618
3.62631
3.62556
3.62708
3.62769
3.62632
3.62692
3.62782
3.62766
3.62751
3.62722
3.62829
3.62782
3.62752
3.6262
3.62561
3.62423
3.6242
3.62405
3.62376
3.62333
3.62182
3.62196
3.62299
3.62344
3.62497
3.62529
3.62602
3.62644
3.62628
3.62509
3.62648
3.62817
3.63
3.63059
3.62859
3.62918
3.62949
3.6277
3.62666
3.62663
3.62641
3.62518
3.62565
3.62463
3.62465
3.62439
3.62351
3.62369
3.62382
3.62403
3.62456
3.62592
3.62536
3.62647
3.62727
3.62832
3.62844
3.63023
3.62916
3.62705
3.62694
3.62682
3.6262
3.62779
3.62639
3.62568
3.62545
3.62683
3.62526
3.62518
3.6247
3.62402
3.62698
3.62669
3.6265
3.62583
3.62746
3.62732
3.62751
3.62724
3.62846
3.62845
3.62996
3.62951
3.62982
3.62935
3.62824
3.6276
3.62765
3.62767
3.62601
3.62543
3.62634
3.62482
3.62528
3.62497
3.62463
3.62627
3.62567
3.62641
3.62613
3.62547
3.62535
3.62755
3.6287
3.62941
3.62862
3.62828
3.62757
3.62579
3.62552
3.62557
3.62528
3.62678
3.6254
3.62664
3.62705
3.62725
3.62788
3.62796
3.62752
3.62659
3.62612
3.62571
3.62604
3.62514
3.62664
3.62723
3.62702
3.62728
3.62683
3.6272
3.62835
3.62923
3.62825
3.62913
3.62671
3.62567
3.62677
3.62636
3.62834
3.62773
3.62756
3.62815
3.62679
3.62691
3.6263
3.62648
3.62542
3.62586
3.62614
3.62596
3.62643
3.62784
3.62743
3.62774
3.62695
3.62799
3.628
3.62743
3.62758
3.62904
3.62959
3.62896
3.62674
3.62696
3.62772
3.62785
3.62861
3.62843
3.62699
3.62482
3.62531
3.62558
3.62643
3.6249
3.62515
3.62631
3.62611
3.62623
3.6267
3.62781
3.62766
3.62974
3.62976
3.62879
3.62858
3.62859
3.62837
3.62857
3.62866
3.62698
3.62851
3.62825
3.62964
3.6307
3.63222
3.63104
3.62881
3.62762
3.62671
3.62638
3.62559
3.62525
3.62616
3.62584
3.6252
3.62578
3.62749
3.62637
3.62551
3.6241
3.62315
3.62375
3.62328
3.6236
3.62287
3.62182
3.62181
3.62315
3.62403
3.62294
3.62583
3.62634
3.6261
3.62621
3.62523
3.6252
3.62536
3.62631
3.62634
3.62632
3.62705
3.62705
3.62954
3.62954
3.62868
3.62774
3.62773
3.62581
3.62662
3.62525
3.62538
3.62583
3.6254
3.62362
3.6245
3.62578
3.62531
3.6275
3.62756
3.62786
3.62736
3.6264
3.62578
3.62583
3.62559
3.62513
3.62552
3.62506
3.6248
3.62619
3.62634
3.62659
3.62625
3.62535
3.62689
3.62541
3.62573
3.62512
3.62557
3.62601
3.62675
3.62778
3.62776
3.62866
3.62791
3.62975
3.62966
3.63061
3.62981
3.62943
3.62968
3.62952
3.62955
3.62978
3.62851
3.62774
3.62776
3.62811
3.62811
3.62778
3.62843
