2.03048
0.963644
-0.177088
-1.04385
-1.55162
-1.75997
-1.80451
-1.81165
-1.82862
-1.86992
-1.92739
-1.9287
-1.81715
-1.67416
-1.66561
-1.82906
-2.01742
-2.07828
-1.9769
-1.81449
-1.75702
-1.88661
-2.13238
-2.39235
-2.59306
-2.665
-2.56838
-2.32895
-2.04924
-1.85017
-1.77511
-1.78486
-1.81211
-1.81764
-1.80548
-1.80056
-1.80665
-1.82277
-1.87178
-1.95057
-2.01559
-2.01975
-1.94649
-1.81484
-1.64828
-1.46823
-1.3179
-1.27304
-1.35707
-1.51573
-1.67397
-1.80215
-1.92202
-2.01632
-2.02671
-1.93267
-1.75975
-1.55865
-1.41214
-1.37951
-1.43316
-1.50022
-1.53284
-1.54648
-1.59184
-1.68572
-1.78969
-1.84083
-1.77942
-1.61162
-1.44344
-1.4321
-1.61226
-1.84653
-2.00434
-2.04709
-1.98878
-1.88719
-1.81397
-1.79393
-1.79596
-1.79137
-1.82635
-1.96005
-2.15824
-2.35563
-2.50232
-2.54785
-2.47781
-2.33629
-2.17185
-1.99925
-1.81915
-1.64213
-1.50076
-1.45058
-1.52421
-1.6719
-1.74686
-1.65475
-1.45423
-1.24614
-1.08572
-1.00805
-0.997718
-1.04969
-1.20561
-1.4571
-1.73499
-1.95752
-2.07774
-2.0972
-2.07513
-2.05601
-2.03836
-2.02137
-2.01033
-1.99447
-1.96484
-1.93938
-1.93193
-1.91307
-1.85235
-1.78444
-1.77362
-1.83733
-1.92159
-1.94362
-1.86333
-1.70536
-1.57155
-1.55034
-1.6061
-1.65061
-1.64315
-1.5791
-1.48081
-1.402
-1.40333
-1.49305
-1.65867
-1.84992
-2.0121
-2.12213
-2.15717
-2.09373
-1.9358
-1.75514
-1.65566
-1.67813
-1.7585
-1.80563
-1.77811
-1.69369
-1.61272
-1.61053
-1.68833
-1.77569
-1.81224
-1.80594
-1.79886
-1.7909
-1.76672
-1.75599
-1.82644
-2.00844
-2.24933
-2.4563
-2.55487
-2.51662
-2.33445
-2.0425
-1.72416
-1.49967
-1.43381
-1.48929
-1.55923
-1.60376
-1.66066
-1.75621
-1.89409
-2.05574
-2.18121
-2.20093
-2.11409
-1.97759
-1.86668
-1.81923
-1.82032
-1.80994
-1.72435
-1.60595
-1.58089
-1.62826
-1.72569
-1.86201
-2.00602
-2.10683
-2.12528
-2.07953
-2.02205
-2.00585
-2.03549
-2.07431
-2.07519
-2.01962
-1.89984
-1.72973
-1.55894
-1.48578
-1.53467
-1.62554
-1.70285
-1.76216
-1.77536
-1.70501
-1.57334
-1.45842
-1.40433
-1.40879
-1.46537
-1.56112
-1.68792
-1.83854
-1.99515
-2.1248
-2.21783
-2.28704
-2.3538
-2.41819
-2.43674
-2.3585
-2.18495
-1.96946
-1.81594
-1.77543
-1.78258
-1.73731
-1.6118
-1.47229
-1.40286
-1.43275
-1.55616
-1.74206
-1.91586
-1.97624
-1.88151
-1.70541
-1.57661
-1.54108
-1.56678
-1.61818
-1.67887
-1.73001
-1.74318
-1.69676
-1.59835
-1.51645
-1.52285
-1.61594
-1.75735
-1.93167
-2.12202
-2.27608
-2.34907
-2.33455
-2.29011
-2.2969
-2.37327
-2.45662
-2.47295
-2.37657
-2.18179
-1.95922
-1.78666
-1.72515
-1.77709
-1.88126
-1.98211
-2.05993
-2.09854
-2.02986
-1.8519
-1.68944
-1.63642
-1.66373
-1.68857
-1.61014
-1.43022
-1.30475
-1.35533
-1.48491
-1.5789
-1.61188
-1.57271
-1.45677
-1.36286
-1.43328
-1.61239
-1.78787
-1.9381
-2.02761
-2.02399
-1.9699
-1.9221
-1.92291
-1.97369
-2.05013
-2.14553
-2.26326
-2.36965
-2.39556
-2.32945
-2.24351
-2.21419
-2.23327
-2.24254
-2.2398
-2.24623
-2.24673
-2.21422
-2.14969
-2.07322
-2.0162
-1.95562
-1.84816
-1.68248
-1.50819
-1.38865
-1.37657
-1.48757
-1.69167
-1.91644
-2.09056
-2.20223
-2.28086
-2.35016
-2.40372
-2.42113
-2.36616
-2.23044
-2.0791
-1.97772
-1.92977
-1.89725
-1.8634
-1.86668
-1.88568
-1.85627
-1.78591
-1.72203
-1.70646
-1.76319
-1.87739
-1.98222
-2.02485
-2.0358
-2.10506
-2.20988
-2.2371
-2.16987
-2.03358
-1.87712
-1.77512
-1.7419
-1.75284
-1.80257
-1.89588
-2.01316
-2.10317
-2.10991
-2.03011
-1.91791
-1.83899
-1.81372
-1.78485
-1.716
-1.65736
-1.6611
-1.74709
-1.9004
-2.05217
-2.16516
-2.21874
-2.17796
-2.02432
-1.84209
-1.79285
-1.86035
-1.92277
-1.96214
-2.02329
-2.0972
-2.11895
-2.06491
-1.98142
-1.93605
-1.94186
-1.93083
-1.85949
-1.78332
-1.78712
-1.85786
-1.92737
-1.94875
-1.90078
-1.79283
-1.68928
-1.65729
-1.68407
-1.7174
-1.74267
-1.7927
-1.86463
-1.90203
-1.89058
-1.85642
-1.86549
-1.94153
-2.03098
-2.06071
-2.00904
-1.93242
-1.91788
-1.98522
-2.08907
-2.18318
-2.27257
-2.3623
-2.43041
-2.4667
-2.48867
-2.50883
-2.5476
-2.62058
-2.7002
-2.71282
-2.58807
-2.33367
-2.08586
-1.95314
-1.90732
-1.91188
-1.94967
-2.00535
-2.0411
-2.00676
-1.87585
-1.6912
-1.54246
-1.51655
-1.62503
-1.79945
-1.92845
-1.94686
-1.86195
-1.71697
-1.57291
-1.49838
-1.54723
-1.72938
-1.97098
-2.18847
-2.33786
-2.41195
-2.4283
-2.4037
-2.35396
-2.30052
-2.27005
-2.28593
-2.32189
-2.34323
-2.33771
-2.30682
-2.25449
-2.21825
-2.26756
-2.35584
-2.41274
-2.43124
-2.41923
-2.33824
-2.16159
-1.96022
-1.85512
-1.91196
-2.05234
-2.16191
-2.20489
-2.20835
-2.17927
-2.10715
-1.99481
-1.87355
-1.79022
-1.77537
-1.8052
-1.82526
-1.79269
-1.71245
-1.62588
-1.62763
-1.81513
-2.06547
-2.20558
-2.20972
-2.13246
-2.055
-2.0231
-2.03133
-2.04509
-2.03103
-1.9686
-1.86705
-1.80044
-1.87151
-2.05187
-2.22677
-2.33452
-2.40044
-2.47509
-2.56989
-2.63179
-2.61334
-2.51053
-2.33447
-2.1071
-1.85184
-1.62884
-1.53427
-1.60138
-1.75496
-1.91034
-2.03662
-2.10544
-2.10206
-2.04519
-1.94838
-1.85371
-1.82045
-1.86851
-1.96245
-2.08358
-2.22956
-2.37663
-2.49393
-2.55832
-2.56183
-2.49803
-2.39768
-2.30117
-2.2164
-2.1123
-1.98412
-1.91633
-1.9774
-2.08742
-2.13569
-2.09811
-2.00433
-1.8458
-1.62739
-1.45312
-1.41447
-1.49724
-1.63072
-1.75594
-1.85274
-1.91998
-1.98129
-2.07989
-2.21479
-2.31094
-2.33462
-2.31241
-2.27734
-2.26672
-2.30448
-2.36397
-2.38812
-2.34461
-2.23537
-2.10175
-2.01026
-1.98504
-1.97826
-1.9514
-1.93064
-1.95467
-2.00365
-2.03521
-2.01787
-1.95851
-1.93966
-2.02283
-2.14611
-2.23656
-2.26222
-2.22066
-2.12906
-2.02266
-1.96446
-1.98107
-2.03532
-2.05735
-2.03057
-2.02302
-2.10557
-2.23112
-2.28535
-2.22974
-2.13346
-2.06729
-2.04015
-2.03437
-2.05141
-2.08781
-2.13913
-2.21289
-2.29698
-2.34028
-2.30544
-2.17757
-1.9661
-1.74844
-1.65
-1.72118
-1.86424
-1.98687
-2.04546
-2.05565
-2.06884
-2.09889
-2.113
-2.08013
-2.00475
-1.91008
-1.80473
-1.7066
-1.65049
-1.66418
-1.74131
-1.84356
-1.92795
-1.98852
-2.01966
-2.00187
-1.94587
-1.90968
-1.94036
-2.0153
-2.07125
-2.07513
-2.06534
-2.10715
-2.22108
-2.3239
-2.33505
-2.25241
-2.12693
-2.02782
-1.99862
-2.04516
-2.15096
-2.29634
-2.43105
-2.48943
-2.45555
-2.38566
-2.33535
-2.29339
-2.23588
-2.17441
-2.12418
-2.06106
-1.99588
-1.99139
-2.06659
-2.15698
-2.22222
-2.24072
-2.2105
-2.14923
-2.08657
-2.05849
-2.09526
-2.1841
-2.27992
-2.37184
-2.46656
-2.5415
-2.55239
-2.48218
-2.32507
-2.11988
-1.95071
-1.86519
-1.82856
-1.80519
-1.78945
-1.78346
-1.77345
-1.74747
-1.72708
-1.75997
-1.86084
-1.99573
-2.12367
-2.239
-2.35871
-2.47848
-2.58012
-2.65313
-2.68186
-2.65038
-2.56502
-2.45243
-2.33584
-2.21005
-2.08871
-2.01359
-2.00374
-2.0267
-2.04459
-2.04488
-2.04457
-2.07477
-2.14282
-2.22399
-2.28247
-2.30568
-2.32381
-2.356
-2.37145
-2.32208
-2.20158
-2.0409
-1.89338
-1.8163
-1.83551
-1.92325
-2.02551
-2.11277
-2.18913
-2.28202
-2.40355
-2.50455
-2.50013
-2.35122
-2.09957
-1.79926
-1.51166
-1.30759
-1.2424
-1.35274
-1.58889
-1.8099
-1.90296
-1.86247
-1.74861
-1.64491
-1.60927
-1.64054
-1.69143
-1.72669
-1.72896
-1.71491
-1.74309
-1.868
-2.05383
-2.19902
-2.24504
-2.2417
-2.28266
-2.40089
-2.51098
-2.50213
-2.34905
-2.14862
-2.032
-2.02946
-2.08334
-2.09865
-2.02704
-1.88156
-1.72055
-1.59992
-1.54131
-1.53128
-1.57096
-1.66754
-1.8273
-2.01627
-2.14816
-2.18025
-2.16867
-2.15161
-2.13307
-2.13801
-2.17581
-2.23242
-2.31696
-2.40795
-2.44384
-2.39671
-2.27027
-2.07027
-1.85524
-1.76477
-1.83362
-1.96483
-2.05961
-2.04653
-1.91213
-1.83274
-1.8684
-1.86059
-1.80817
-1.78039
-1.80671
-1.88158
-1.99456
-2.18197
-2.36343
-2.39897
-2.30931
-2.19133
-2.0757
-1.9385
-1.77977
-1.6549
-1.61935
-1.6763
-1.81944
-2.00088
-2.12131
-2.11224
-1.98635
-1.86046
-1.86698
-1.97688
-2.06535
-2.07025
-1.96767
-1.77771
-1.57079
-1.41717
-1.36028
-1.39761
-1.49855
-1.64324
-1.81327
-1.96249
-2.06946
-2.16069
-2.23957
-2.28314
-2.25901
-2.13913
-1.9427
-1.74398
-1.61206
-1.56769
-1.56812
-1.58199
-1.62551
-1.72916
-1.88396
-2.02762
-2.07942
-2.01621
-1.90734
-1.86143
-1.90731
-2.01732
-2.18473
-2.35674
-2.41113
-2.26854
-2.00046
-1.78516
-1.75749
-1.90239
-2.13837
-2.37912
-2.53598
-2.55931
-2.47332
-2.33909
-2.15701
-1.89999
-1.60448
-1.39982
-1.42131
-1.68657
-2.08117
-2.45232
-2.69054
-2.75163
-2.66407
-2.48373
-2.26159
-2.01096
-1.75526
-1.54278
-1.42687
-1.44372
-1.59173
-1.82545
-2.06996
-2.27487
-2.42422
-2.48028
-2.38905
-2.14275
-1.83084
-1.5959
-1.51174
-1.52163
-1.56737
-1.63285
-1.69054
-1.75141
-1.8432
-1.96759
-2.1008
-2.20578
-2.23739
-2.16189
-2.01972
-1.91375
-1.92287
-1.99128
-2.01441
-1.9494
-1.81499
-1.67688
-1.57571
-1.49603
-1.41537
-1.35574
-1.43011
-1.63949
-1.83438
-1.92925
-1.91455
-1.8517
-1.82516
-1.8296
-1.83268
-1.83067
-1.86376
-1.97153
-2.10883
-2.16837
-2.12309
-2.07761
-2.11865
-2.23922
-2.3642
-2.40467
-2.33504
-2.22161
-2.14892
-2.10939
-2.03381
-1.91506
-1.81232
-1.78312
-1.8301
-1.88273
-1.87546
-1.80825
-1.73186
-1.69633
-1.73082
-1.82401
-1.96753
-2.14726
-2.32215
-2.44505
-2.47953
-2.41809
-2.27445
-2.10867
-2.015
-2.05772
-2.17409
-2.24897
-2.20592
-2.03216
-1.78872
-1.61304
-1.63241
-1.81603
-1.98359
-1.97977
-1.81388
-1.6545
