0.131808   0.0615269   0.488657
0.290875   0.138321   0.0190085
0.209955   -0.0840839   0.358467
0.273551   -0.173006   0.304136
-0.476785   0.144889   -0.14238
0.249114   -0.449556   0.300089
0.333796   -0.434736   0.366752
-0.476703   -0.0141102   -0.00412617
0.169295   0.34371   -0.0875645
-0.189642   -0.414621   0.370749
0.0694041   0.21021   -0.29331
-0.273865   -0.21421   -0.0783217
-0.0523195   -0.287941   0.489174
-0.134263   0.436154   0.0602965
0.0115103   -0.187066   -0.326898
-0.0927401   0.030906   0.498828
-0.191133   0.356355   -0.0709277
-0.198293   -0.424044   -0.473671
0.258969   -0.26868   0.381475
0.394694   0.180841   -0.314333
-0.0717891   -0.0489311   -0.469046
-0.135021   -0.43996   0.164977
0.0171493   0.310778   -0.044646
-0.207567   0.27167   0.00682114
-0.446975   0.327563   0.199934
-0.0646975   -0.380099   0.486828
-0.138231   -0.110918   0.00311915
0.158958   0.155079   -0.229139
0.0527187   -0.364556   0.428176
0.113289   -0.394611   -0.111176
0.484738   -0.167934   0.364472
-0.0822085   0.184713   -0.386775
0.121809   0.332513   -0.459903
-0.225817   -0.282779   0.373743
-0.388636   -0.0467651   0.18759
0.13171   -0.295985   -0.137225
0.110719   0.494698   -0.491213
0.122696   -0.418645   0.393906
-0.0263341   -0.35959   -0.109425
-0.461123   0.164818   -0.241054
0.366749   -0.019189   0.0249966
0.041217   0.440846   0.0357054
-0.480705   0.255123   -0.399546
-0.277034   0.089622   -0.101562
-0.452323   -0.44804   0.187449
0.393805   0.229986   -0.0525921
-0.409376   0.18516   -0.303862
-0.120483   0.201958   0.100958
0.010322   0.339125   -0.353679
-0.0150839   0.466536   -0.0323241
-0.00909426   0.258789   -0.306373
0.153266   0.245837   -0.314511
-0.106417   0.0845582   0.0999814
-0.0849069   0.33074   -0.0696938
0.158064   0.0136707   -0.00946898
-0.251122   0.312278   0.476531
-0.163323   0.153727   -0.347319
0.315928   -0.351637   -0.249808
0.494975   0.233472   0.258387
0.0606653   -0.462943   0.464122
0.0716601   0.438829   0.315126
0.21306   -0.372163   0.423973
-0.154532   -0.40934   -0.107889
0.0982043   0.320633   -0.0943308
0.457065   0.196714   -0.39536
-0.0802856   -0.129935   -0.0416416
0.090358   -0.471598   -0.147403
-0.428991   -0.451977   -0.0894734
0.297097   -0.385344   0.0236783
0.0785241   0.311037   -0.381844
-0.0290303   -0.241666   0.417756
-0.141535   0.338728   -0.212717
-0.495395   0.248398   0.14498
-0.0941212   0.0593704   0.391033
0.462543   0.124995   -0.227714
0.407558   0.00328862   -0.256734
0.239741   0.438705   0.483146
-0.319912   -0.173816   0.324227
-0.315103   0.31174   -0.413984
-0.00093299   -0.0163782   0.426451
-0.0974692   0.371324   -0.141328
0.265563   -0.417005   -0.0488001
-0.111366   0.440566   -0.328725
-0.158274   0.211878   0.173546
-0.465043   -0.120634   -0.204094
0.215004   0.301564   -0.35951
0.116823   0.159248   -0.0482106
0.188564   0.104412   0.00625907
0.115508   -0.0299599   0.199915
-0.344365   -0.00680391   -0.188801
-0.419537   0.391617   -0.47188
0.19631   -0.490923   0.0880597
-0.454893   -0.35473   -0.199882
-0.440861   -0.273588   -0.371615
-0.328321   -0.310382   0.409951
-0.346771   -0.0892163   -0.354526
-0.194617   0.290826   0.348422
0.0573554   0.403554   -0.210968
-0.169569   -0.274382   -0.134276
-0.192791   0.00308892   -0.372575
0.256196   -0.0624402   0.435654
-0.454901   0.413615   0.21866
-0.445681   0.149952   0.298521
0.483973   0.0241592   -0.0824315
-0.286046   0.290465   -0.0836536
0.037598   0.155422   -0.2472
-0.321503   -0.261136   -0.0255585
0.158778   -0.354453   0.359768
