112.62
104.42
92.52
101.58
92.66
99.34
99.2
110.52
95.9
89.88
101.66
103.34
98.38
93.86
111.08
84.16
107.4
108.82
110.92
107.04
90.92
111.92
80.16
88.68
107.5
108.76
89.7
96.76
95.28
96.72
114.66
84.78
102.94
86.22
92.78
104.52
104.38
94.78
88.2
87.32
93.12
93.62
100.38
103.26
90.86
83.26
73.74
88.66
125.44
96.22
103.7
73.7
79.26
102.62
126.48
92.4
92.26
107.06
110.52
100.14
86
103.46
112.86
89.54
88.42
94.96
97.96
135.66
81.32
94.12
112.64
92.88
91.42
107.9
134.8
74.44
129.44
91.14
102.18
99.44
105.16
99.76
116.6
115.78
103.52
90.72
101.5
70.66
120.72
122.38
98.78
95.14
101.76
101.68
88.62
70.54
102.16
113.04
124.42
115.4
