0.0325053   -0.492704   -0.499285
0.24045   -0.3243   -0.498759
0.0476535   -0.326885   -0.329004
0.175337   -0.482071   -0.339414
0.405431   -0.482429   -0.483427
-0.466395   -0.318407   0.494583
0.370974   -0.327299   -0.329017
-0.466866   -0.497168   -0.311726
-0.288141   -0.47146   -0.48988
-0.121865   -0.310207   -0.479308
-0.296354   -0.321757   -0.350931
-0.129249   0.492902   -0.338551
0.00901929   -0.148294   0.493251
0.197107   0.0234464   0.487245
0.0386398   -0.0122138   -0.339178
0.197292   -0.173115   -0.34645
0.384647   -0.147068   0.489928
-0.486327   0.0158689   -0.477741
0.355038   0.0138717   -0.332554
-0.453264   -0.167793   -0.347486
-0.30649   -0.156923   0.493836
-0.132853   -0.00198252   0.489987
-0.292204   0.00917616   -0.30723
-0.133542   -0.14494   -0.340951
0.049028   0.164489   -0.491351
0.218838   0.360059   -0.472846
0.0330402   0.310126   -0.334508
0.225905   0.176495   -0.321291
0.387448   0.18752   -0.489381
-0.449235   0.349   -0.486598
0.378027   0.344978   -0.316389
-0.449569   0.153693   -0.335293
-0.295267   0.145194   -0.475266
-0.14298   0.328502   0.46158
-0.284511   0.326511   -0.342427
-0.12203   0.14685   -0.299992
0.0193987   -0.487756   -0.176814
0.198265   -0.32954   -0.173885
0.0512027   -0.329579   0.00456835
0.210961   -0.478448   0.0113756
0.355826   -0.484411   -0.181917
-0.449611   -0.306425   -0.178355
0.385664   -0.348495   0.00133486
-0.444463   -0.49565   -0.00757293
-0.268653   -0.484241   -0.171827
-0.113901   -0.329665   -0.1912
-0.274442   -0.335756   0.00502814
-0.111156   -0.491638   -0.00740316
0.0394206   -0.148178   -0.155527
0.199304   0.00389925   -0.176338
0.0362443   -0.00439572   0.0327534
0.207871   -0.143007   -0.0114935
0.371668   -0.168637   -0.196432
-0.461646   0.00767198   -0.149879
0.363569   0.0112063   -0.0147145
-0.463943   -0.163633   0.00755512
-0.283159   -0.167643   -0.160906
-0.115108   0.0108014   -0.141679
-0.290527   0.00353943   -0.0119433
-0.125102   -0.167276   0.0117008
0.0498541   0.170419   -0.154483
0.212837   0.345855   -0.173668
0.0655432   0.3511   0.000763025
0.225381   0.17038   -0.0231854
0.407088   0.175308   -0.147385
-0.460639   0.351818   -0.149481
0.353448   0.356155   -0.0204238
-0.449117   0.177342   0.0099281
-0.295885   0.194372   -0.156957
-0.120485   0.348241   -0.156468
-0.308007   0.349011   0.0100559
-0.147151   0.194724   0.00914618
0.0474289   -0.483215   0.165319
0.195385   -0.295086   0.15549
0.0532094   -0.336793   0.325151
0.220009   0.496541   0.344995
0.361366   -0.487355   0.172303
-0.471232   -0.331282   0.16144
0.353333   -0.327828   0.324483
-0.461029   -0.492719   0.319191
-0.289378   -0.49929   0.160193
-0.118664   -0.327518   0.160603
-0.277684   -0.323849   0.333251
-0.140441   -0.470475   0.360224
0.0258957   -0.149092   0.196938
0.208218   0.0154839   0.161748
0.0427945   0.0317291   0.319611
0.202118   -0.158898   0.342097
0.353763   -0.155197   0.135305
-0.464971   0.00431682   0.150807
0.352209   -4.05789e-05   0.331432
-0.488526   -0.170099   0.308315
-0.301015   -0.164029   0.162855
-0.134311   0.0292463   0.163007
-0.324001   -0.0194627   0.327042
-0.140352   -0.166342   0.33406
0.0458349   0.179439   0.159316
0.218011   0.339994   0.148934
0.0420965   0.340925   0.32078
0.209111   0.186878   0.357358
0.35364   0.176514   0.162174
-0.485742   0.335615   0.15022
0.357371   0.329237   0.325109
-0.483677   0.175891   0.332891
-0.313369   0.174041   0.165567
-0.119132   0.347007   0.15986
-0.320243   0.322631   0.340519
-0.128803   0.157573   0.342784
