0.222325   0.0633998   -0.375428
0.0230596   -0.105969   0.206199
-0.414584   -0.448673   0.237348
0.160671   -0.198913   0.00242812
0.431614   -0.417915   -0.152781
0.387589   0.213761   0.0137165
-0.285353   0.0576012   0.0055129
-0.304431   -0.191336   0.477999
0.37873   -0.0814643   -0.278024
-0.306952   -0.0193006   0.220672
-0.0917268   0.3857   -0.367413
-0.373401   0.0187027   0.45998
-0.0811208   -0.175768   0.475777
-0.151239   -0.441781   -0.229858
-0.109766   -0.39984   -0.445094
0.0244069   0.37261   -0.13647
0.247714   0.0258042   -0.0201195
-0.0184621   0.302408   0.0893483
0.337479   0.134454   -0.186091
0.375371   -0.162909   -0.0641254
0.33213   0.356906   0.33382
0.134822   -0.368805   0.495713
-0.0811079   0.166249   -0.067185
-0.0284617   -0.288806   0.0965862
-0.0106272   -0.351214   0.323377
-0.0646598   -0.22865   -0.116002
0.280283   0.369929   0.120177
0.332243   -0.449801   0.461482
-0.470629   0.339512   0.204821
-0.107956   0.0792976   0.139106
-0.0912617   0.238401   0.299276
0.0656707   -0.469179   -0.301206
0.249128   0.188626   0.447939
0.106605   0.11244   -0.187254
0.371389   0.302692   -0.405249
-0.269415   0.394968   0.315149
0.177165   -0.296479   0.20291
-0.0727284   0.183214   -0.296791
-0.323356   0.457361   0.0436437
-0.391375   -0.0569598   -0.33035
0.340838   -0.245869   0.364012
-0.347512   -0.353449   -0.329451
-0.170524   -0.185969   0.274399
0.164274   -0.0978771   -0.206115
0.434281   0.345063   -0.189569
0.28705   -0.49788   -0.324033
-0.16779   -0.118205   0.0583279
0.158887   -0.489788   0.305206
-0.455914   -0.232076   -0.187175
0.243178   0.441738   -0.103667
-0.240771   0.266906   0.121748
0.0359454   -0.0141932   -0.433737
0.16239   0.402986   -0.489089
-0.277919   -0.108935   -0.139834
-0.235051   -0.381326   0.36943
0.462188   0.422288   0.00855396
0.109007   0.114074   0.130803
0.0811331   0.0637985   0.345747
-0.464851   0.157145   -0.273701
-0.183974   0.0152354   -0.410467
-0.480197   0.416539   0.416974
0.105051   0.492033   0.089032
0.409885   -0.230385   0.151958
0.0855198   -0.38995   -0.096923
0.238926   -0.176022   -0.414589
-0.270322   -0.319854   -0.0992589
0.248966   -0.30109   -0.21347
-0.491745   0.482965   -0.368101
0.17704   0.289871   -0.286436
0.464868   0.176231   0.362395
-0.431259   0.142752   0.136169
0.0370579   -0.243584   -0.324172
0.287831   -0.0231036   0.408293
-0.405233   -0.149536   0.0493606
0.487184   -0.0406184   0.298866
-0.098514   0.480982   0.204913
-0.315661   0.188976   0.330366
-0.292982   0.458203   -0.468654
-0.263021   0.0970961   -0.212544
0.47661   -0.143427   -0.493989
-0.193931   0.241152   0.498955
-0.402484   0.257939   -0.0611766
-0.449616   -0.366741   0.0163723
-0.251044   -0.333346   0.126017
0.408861   -0.304572   -0.371866
-0.368371   0.471315   -0.179322
0.36422   -0.448309   0.226406
-0.182729   -0.200548   -0.328219
-0.197708   0.343574   -0.10906
-0.438602   -0.362945   0.457635
0.127525   0.276015   0.280177
0.428572   0.0735231   -0.44542
0.168585   0.258999   -0.0171813
-0.285867   0.304072   -0.29852
-0.0725035   -0.0315745   -0.221555
0.019307   -0.0275626   -0.0214656
0.30698   0.147966   0.230543
-0.480191   0.00453324   -0.122774
-0.11343   -0.473286   -0.0105118
0.240631   -0.0693119   0.198716
-0.0516589   0.426769   0.416073
-0.391095   -0.230214   0.276099
-0.136904   0.0293299   0.373032
0.125856   -0.161541   0.394437
0.0316713   0.215174   -0.494874
0.42823   -0.00379298   0.0857732
-0.412025   0.258296   -0.468613
0.289662   -0.388005   0.0209567
