-2.60923
-2.91066
-3.30654
-3.69971
-4.03064
-4.27448
-4.42844
-4.50224
-4.51273
-4.48072
-4.42874
-4.37823
-4.34375
-4.32811
-4.32591
-4.33176
-4.34429
-4.36331
-4.38572
-4.4055
-4.41691
-4.4167
-4.4049
-4.38564
-4.366
-4.35017
-4.33434
-4.31146
-4.28075
-4.24869
-4.22261
-4.20656
-4.20244
-4.21166
-4.23377
-4.26512
-4.3004
-4.33556
-4.36803
-4.3934
-4.40327
-4.38836
-4.34531
-4.28094
-4.21031
-4.14978
-4.11092
-4.09924
-4.11668
-4.16401
-4.23914
-4.33326
-4.43066
-4.51345
-4.56729
-4.58561
-4.57112
-4.53444
-4.49041
-4.45259
-4.42999
-4.42676
-4.4406
-4.46151
-4.47627
-4.47669
-4.46554
-4.45523
-4.45841
-4.47699
-4.50134
-4.51884
-4.52138
-4.50759
-4.48185
-4.45258
-4.42939
-4.41872
-4.42035
-4.42824
-4.43485
-4.4366
-4.43636
-4.4397
-4.44958
-4.46489
-4.48151
-4.49334
-4.49336
-4.4762
-4.44227
-4.40135
-4.37035
-4.36311
-4.37882
-4.40136
-4.4117
-4.40123
-4.37463
-4.3451
-4.32795
-4.33329
-4.35937
-4.39597
-4.43474
-4.47236
-4.50486
-4.52417
-4.52169
-4.49496
-4.45236
-4.4106
-4.38505
-4.38211
-4.39928
-4.42809
-4.45646
-4.47217
-4.46789
-4.44592
-4.41871
-4.4024
-4.40823
-4.43835
-4.48528
-4.53075
-4.55078
-4.53128
-4.47711
-4.40314
-4.32296
-4.24966
-4.19995
-4.18879
-4.2185
-4.27636
-4.34446
-4.40941
-4.46326
-4.49978
-4.51309
-4.50121
-4.47234
-4.44637
-4.44468
-4.47334
-4.51637
-4.54775
-4.54924
-4.5193
-4.47131
-4.42528
-4.39788
-4.39507
-4.41056
-4.4305
-4.44204
-4.44142
-4.43792
-4.44821
-4.48095
-4.52835
-4.57331
-4.59989
-4.5987
-4.56925
-4.52043
-4.46801
-4.42838
-4.41142
-4.4174
-4.44027
-4.47271
-4.50727
-4.53594
-4.55317
-4.56003
-4.56326
-4.5685
-4.57409
-4.57188
-4.55471
-4.52334
-4.48567
-4.44925
-4.41684
-4.38768
-4.36027
-4.33433
-4.3122
-4.29921
-4.30105
-4.32043
-4.3564
-4.40601
-4.46299
-4.51649
-4.55427
-4.56761
-4.55443
-4.52128
-4.48292
-4.45606
-4.45048
-4.46442
-4.4874
-4.50694
-4.51456
-4.50861
-4.49343
-4.47578
-4.46054
-4.44798
-4.4356
-4.42384
-4.41969
-4.43258
-4.46639
-4.51617
-4.57109
-4.61863
-4.6467
-4.64541
-4.61035
-4.54709
-4.47374
-4.41662
-4.39798
-4.42336
-4.47801
-4.53523
-4.57028
-4.57057
-4.53898
-4.49061
-4.44289
-4.40537
-4.38013
-4.3693
-4.37672
-4.40491
-4.45317
-4.51472
-4.57553
-4.61963
-4.63706
-4.62711
-4.59594
-4.5507
-4.4955
-4.43284
-4.3679
-4.31126
-4.27604
-4.27018
-4.29001
-4.32193
-4.35
-4.36175
-4.35012
-4.31439
-4.26184
-4.20769
-4.17019
-4.16174
-4.18376
-4.23068
-4.29563
-4.37028
-4.44313
-4.50062
-4.53125
-4.53045
-4.50304
-4.46137
-4.4204
-4.39259
-4.38384
-4.39391
-4.42051
-4.46041
-4.50516
-4.53981
-4.55038
-4.53363
-4.49942
-4.46464
-4.44377
-4.44197
-4.45433
-4.4711
-4.48464
-4.49248
-4.49568
-4.49576
-4.49269
-4.48479
-4.47118
-4.45521
-4.44424
-4.44257
-4.44411
-4.43517
-4.40548
-4.35573
-4.29831
-4.25349
-4.24096
-4.2681
-4.32295
-4.37981
-4.41445
-4.41637
-4.3897
-4.34683
-4.30387
-4.28002
-4.29437
-4.35514
-4.4503
-4.5516
-4.62958
-4.66673
-4.66048
-4.61855
-4.55364
-4.48033
-4.41208
-4.35751
-4.31892
-4.2936
-4.27774
-4.27128
-4.27979
-4.30993
-4.36124
-4.4219
-4.47365
-4.5033
-4.5116
-4.50994
-4.50708
-4.5026
-4.49518
-4.49008
-4.49469
-4.50983
-4.52798
-4.53907
-4.53721
-4.52273
-4.49968
-4.47223
-4.4434
-4.41648
-4.39727
-4.39353
-4.41027
-4.44514
-4.48954
-4.5339
-4.57189
-4.60001
-4.61494
-4.61363
-4.59737
-4.57417
-4.55402
-4.54202
-4.53695
-4.5353
-4.53379
-4.52728
-4.50742
-4.46788
-4.41272
-4.35916
-4.32913
-4.33355
-4.36299
-4.39446
-4.4069
-4.39096
-4.34979
-4.29677
-4.25153
-4.23142
-4.24234
-4.27486
-4.3081
-4.32148
-4.30973
-4.28933
-4.28888
-4.32762
-4.40044
-4.48355
-4.55095
-4.58641
-4.58839
-4.57038
-4.55488
-4.56012
-4.5875
-4.62116
-4.64009
-4.63129
-4.59663
-4.55086
-4.50828
-4.47137
-4.43524
-4.39691
-4.3574
-4.3207
-4.29432
-4.28801
-4.30841
-4.3534
-4.41168
-4.46784
-4.5083
-4.52475
-4.5159
-4.4889
-4.45897
-4.44392
-4.45424
-4.48621
-4.52481
-4.5523
-4.5568
-4.53929
-4.51544
-4.50579
-4.51705
-4.53427
-4.53261
-4.49387
-4.41466
-4.30841
-4.20594
-4.14831
-4.16394
-4.246
-4.36006
-4.47262
-4.56741
-4.642
-4.69764
-4.73276
-4.74311
-4.72679
-4.68819
-4.638
-4.58899
-4.54978
-4.52087
-4.4961
-4.46844
-4.43719
-4.41218
-4.40832
-4.43201
-4.47467
-4.52056
-4.55805
-4.58416
-4.60283
-4.62084
-4.64346
-4.66928
-4.68817
-4.687
-4.65949
-4.61179
-4.56036
-4.52352
-4.51072
-4.51664
-4.52524
-4.52066
-4.49583
-4.45441
-4.40616
-4.35819
-4.31004
-4.25878
-4.2061
-4.15887
-4.1296
-4.13935
-4.20457
-4.3104
-4.41602
-4.48804
-4.51666
-4.51013
-4.484
-4.45335
-4.42948
-4.41813
-4.41772
-4.42164
-4.42475
-4.42665
-4.42955
-4.43469
-4.43993
-4.43927
-4.42557
-4.39614
-4.3578
-4.3257
-4.3148
-4.33111
-4.37143
-4.42936
-4.49763
-4.56452
-4.61378
-4.63331
-4.62385
-4.59487
-4.55294
-4.50233
-4.45454
-4.42472
-4.41857
-4.42948
-4.44648
-4.46038
-4.46523
-4.45975
-4.44973
-4.44777
-4.46388
-4.49111
-4.5086
-4.50159
-4.47251
-4.43702
-4.41373
-4.41617
-4.44973
-4.51087
-4.5873
-4.66031
-4.70974
-4.72037
-4.68766
-4.62085
-4.54001
-4.46674
-4.41545
-4.39209
-4.39761
-4.42994
-4.48273
-4.545
-4.60466
-4.65294
-4.68464
-4.69589
-4.685
-4.65414
-4.60821
-4.55175
-4.48842
-4.42377
-4.36914
-4.3402
-4.34754
-4.38634
-4.43763
-4.48103
-4.50512
-4.50861
-4.49678
-4.47836
-4.46259
-4.45511
-4.45504
-4.45749
-4.45939
-4.46203
-4.46874
-4.48089
-4.49543
-4.5065
-4.509
-4.4993
-4.47286
-4.42503
-4.35839
-4.28973
-4.24632
-4.24961
-4.30025
-4.37895
-4.46028
-4.52373
-4.55636
-4.55395
-4.5244
-4.4873
-4.46511
-4.47128
-4.50558
-4.55731
-4.61059
-4.64957
-4.66309
-4.64799
-4.6104
-4.56176
-4.51191
-4.46573
-4.42671
-4.40148
-4.39796
-4.41848
-4.45833
-4.51181
-4.5755
-4.64483
-4.70964
-4.75467
-4.76488
-4.73283
-4.66257
-4.56804
-4.46894
-4.38657
-4.33804
-4.32903
-4.35148
-4.39016
-4.43133
-4.46666
-4.49115
-4.49946
-4.48616
-4.45065
-4.40057
-4.3484
-4.30522
-4.27831
-4.27189
-4.28683
-4.31723
-4.35005
-4.37301
-4.38323
-4.38769
-4.39578
-4.4111
-4.42985
-4.44667
-4.46222
-4.48569
-4.52634
-4.57817
-4.62001
-4.63462
-4.62016
-4.58556
-4.54072
-4.49077
-4.43733
-4.38351
-4.33588
-4.30021
-4.27703
-4.26285
-4.25519
-4.25683
-4.27505
-4.31534
-4.37622
-4.44949
-4.52061
-4.57063
-4.58479
-4.56033
-4.50686
-4.44289
-4.39057
-4.36828
-4.38458
-4.43651
-4.51058
-4.58651
-4.64432
-4.67009
-4.65848
-4.61294
-4.54284
-4.45914
-4.37188
-4.29055
-4.2245
-4.18074
-4.16162
-4.16606
-4.1906
-4.22777
-4.26706
-4.30109
-4.33025
-4.36137
-4.40197
-4.45473
-4.51494
-4.57102
-4.60735
-4.6099
-4.57288
-4.50285
-4.41768
-4.3416
-4.29715
-4.29373
-4.32139
-4.3618
-4.40277
-4.44032
-4.47269
-4.49589
-4.50336
-4.4887
-4.45087
-4.39925
-4.35391
-4.33691
-4.35858
-4.41001
-4.46911
-4.51346
-4.52845
-4.50956
-4.4623
-4.39962
-4.33681
-4.28706
-4.2608
-4.26624
-4.30717
-4.37808
-4.46124
-4.53019
-4.56091
-4.54556
-4.49881
-4.44999
-4.42559
-4.43511
-4.46932
-4.50693
-4.52383
-4.50405
-4.44877
-4.3761
-4.31038
-4.26711
-4.24706
-4.24369
-4.25252
-4.27361
-4.30873
-4.35861
-4.42188
-4.4935
-4.56199
-4.61102
-4.62883
-4.61737
-4.59098
-4.5632
-4.53364
-4.49046
-4.42522
-4.34324
-4.26304
-4.20952
-4.20384
-4.25172
-4.33781
-4.43425
-4.51673
-4.57292
-4.59947
-4.5958
-4.56123
-4.496
-4.40456
-4.29958
-4.20413
-4.14661
-4.1452
-4.19335
-4.26521
-4.33647
-4.39664
-4.44535
-4.48449
-4.51643
-4.5443
-4.56948
-4.58895
-4.59634
-4.58503
-4.55189
-4.50081
-4.44419
-4.39997
-4.38297
-4.39545
-4.42547
-4.45508
-4.47131
-4.47259
-4.46667
-4.46219
-4.46171
-4.4627
-4.46381
-4.46808
-4.48047
-4.50335
-4.53521
-4.57199
-4.6088
-4.64128
-4.6674
-4.68676
-4.69653
-4.69053
-4.66492
-4.62425
-4.57972
-4.53938
-4.5026
-4.46697
-4.43686
-4.42346
-4.43804
-4.48429
-4.55476
-4.63297
-4.69956
-4.74014
-4.75142
-4.74034
-4.71643
-4.68655
-4.65486
-4.62388
-4.59453
-4.5641
-4.527
-4.47981
-4.42563
-4.37498
-4.3435
-4.34477
-4.38059
-4.43748
-4.49392
-4.53135
-4.54291
-4.53739
-4.53502
-4.55227
-4.58678
-4.61921
-4.62892
-4.60702
-4.55883
-4.49988
-4.45107
-4.43103
-4.44517
-4.48286
-4.52612
-4.56092
-4.58544
-4.60888
-4.63878
-4.67148
-4.69556
-4.70004
-4.67984
-4.63923
-4.59193
-4.55528
-4.54073
-4.54951
-4.57397
-4.59867
-4.60708
-4.59321
-4.56364
-4.52936
-4.50025
-4.48537
-4.4923
-4.52184
-4.56325
-4.59764
-4.6083
-4.58881
-4.54359
-4.48479
-4.42989
-4.39748
-4.39929
-4.4339
-4.48856
-4.54854
-4.60499
-4.6553
-4.69994
-4.74116
-4.78198
-4.82252
-4.85673
-4.87369
-4.86379
-4.82408
-4.75805
-4.67273
-4.57827
-4.4899
-4.4265
-4.40371
-4.42607
-4.48482
-4.56315
-4.64229
-4.70541
-4.74415
-4.76313
-4.77542
-4.79078
-4.8071
-4.81388
-4.80317
-4.77564
-4.73813
-4.69907
-4.66539
-4.64266
-4.63737
-4.65467
-4.69113
-4.7327
-4.76345
-4.77445
-4.76476
-4.73875
-4.70557
-4.67742
-4.66314
-4.66265
-4.66837
-4.6704
-4.65954
-4.63072
-4.58875
-4.54733
-4.51803
-4.50223
-4.49528
-4.49384
-4.49823
-4.51159
-4.5373
-4.57452
-4.61579
-4.65007
-4.66906
-4.67309
-4.67188
-4.67861
-4.70189
-4.74253
-4.79564
-4.85362
-4.90579
-4.93919
-4.94321
-4.91478
-4.86067
-4.79572
-4.73696
-4.69618
-4.67666
-4.677
-4.69697
