0.0606732
0.0976414
0.153946
0.220078
0.286595
0.345868
0.392853
0.425178
0.44282
0.44755
0.442318
0.430596
0.415813
0.400968
0.388359
0.379559
0.375511
0.376577
0.382494
0.392241
0.404003
0.415445
0.424279
0.428866
0.428574
0.423772
0.415461
0.404857
0.393033
0.380855
0.369062
0.358466
0.350053
0.344874
0.343745
0.346819
0.35333
0.361651
0.369807
0.37614
0.379823
0.381009
0.380661
0.380074
0.380359
0.382099
0.385232
0.389182
0.393041
0.395783
0.396449
0.39436
0.389302
0.381623
0.372232
0.362448
0.353689
0.347121
0.343381
0.342491
0.344034
0.34747
0.352389
0.358529
0.365577
0.372958
0.379761
0.384906
0.387452
0.386925
0.383509
0.378002
0.371651
0.365852
0.361831
0.360335
0.361376
0.364196
0.367554
0.370226
0.371489
0.371335
0.370461
0.370056
0.371365
0.375259
0.381879
0.390546
0.399837
0.407769
0.412103
0.410803
0.402579
0.387523
0.367521
0.346179
0.328058
0.317252
0.315862
0.323287
0.336758
0.352662
0.367824
0.380138
0.38863
0.393194
0.394232
0.392474
0.388828
0.384327
0.380091
0.377176
0.3764
0.37808
0.381836
0.386625
0.390956
0.393242
0.392156
0.38698
0.377889
0.366211
0.354596
0.346522
0.344926
0.350372
0.360298
0.370371
0.376854
0.378227
0.375474
0.371293
0.368746
0.369986
0.375557
0.384333
0.394011
0.401824
0.405296
0.402885
0.394414
0.381173
0.365664
0.350937
0.33973
0.333748
0.333384
0.337865
0.345554
0.354386
0.362361
0.367998
0.370573
0.370085
0.367106
0.362641
0.358044
0.354879
0.354648
0.358372
0.366132
0.376777
0.38817
0.397863
0.403892
0.405331
0.402403
0.396211
0.388357
0.380524
0.374121
0.370018
0.368471
0.369217
0.37169
0.375203
0.379037
0.382385
0.384302
0.383788
0.380068
0.373002
0.363433
0.353243
0.34498
0.341073
0.342923
0.350311
0.361435
0.373519
0.383674
0.389751
0.390943
0.387903
0.382336
0.376194
0.370961
0.367387
0.365734
0.366108
0.368488
0.372553
0.377594
0.382642
0.386845
0.389771
0.391501
0.392413
0.392885
0.392984
0.392343
0.390317
0.386294
0.380138
0.372432
0.36433
0.357206
0.35224
0.350084
0.350628
0.353019
0.356032
0.358668
0.360595
0.362172
0.36408
0.366793
0.370295
0.374075
0.377375
0.379481
0.379988
0.378886
0.376514
0.373367
0.369887
0.366354
0.362855
0.359385
0.355998
0.353009
0.351158
0.351618
0.355707
0.364179
0.376455
0.390394
0.402789
0.410423
0.411107
0.404385
0.391708
0.375979
0.360615
0.348525
0.341424
0.339705
0.342653
0.348862
0.356643
0.364401
0.370844
0.375077
0.376694
0.375783
0.372868
0.368725
0.364125
0.359667
0.355751
0.352715
0.350933
0.350806
0.35266
0.35659
0.362385
0.369481
0.377028
0.384043
0.389659
0.393324
0.394928
0.394765
0.393375
0.39134
0.389109
0.386886
0.384556
0.381677
0.377673
0.372095
0.365017
0.357282
0.350414
0.346274
0.346474
0.351785
0.361825
0.375074
0.389245
0.401804
0.410459
0.41353
0.410204
0.400703
0.386327
0.369344
0.352699
0.339492
0.332337
0.332783
0.341024
0.355957
0.375501
0.39704
0.417763
0.435035
0.446674
0.451236
0.448173
0.437839
0.421387
0.40054
0.377412
0.354444
0.334256
0.319382
0.311727
0.31196
0.319304
0.331892
0.347424
0.363717
0.378977
0.391906
0.40167
0.407791
0.410095
0.408685
0.403921
0.396375
0.386721
0.375632
0.36383
0.352238
0.34211
0.334936
0.332127
0.33447
0.341567
0.351647
0.362071
0.370333
0.374998
0.376129
0.374887
0.372673
0.370295
0.367729
0.364489
0.360161
0.354879
0.349464
0.345268
0.343784
0.346197
0.352988
0.363739
0.377119
0.39109
0.403335
0.411705
0.414675
0.411638
0.403066
0.390499
0.376309
0.36328
0.354036
0.350433
0.353074
0.361145
0.372662
0.385012
0.395641
0.40272
0.405493
0.404331
0.400328
0.394745
0.388551
0.382281
0.376148
0.370199
0.36445
0.358958
0.353934
0.349896
0.3477
0.348336
0.352512
0.360282
0.37085
0.382755
0.394252
0.403759
0.410183
0.412974
0.412072
0.407725
0.400409
0.390856
0.380126
0.369595
0.360698
0.354439
0.350981
0.349666
0.349601
0.350296
0.35182
0.354464
0.358191
0.362442
0.366419
0.369609
0.372086
0.374309
0.376571
0.378606
0.379731
0.379309
0.377115
0.373447
0.368998
0.364685
0.36148
0.360192
0.361305
0.364795
0.370051
0.376018
0.381526
0.385643
0.388
0.388857
0.388957
0.389099
0.389774
0.39091
0.391967
0.392232
0.391182
0.388704
0.385055
0.380688
0.376067
0.371548
0.367356
0.363609
0.360325
0.357451
0.354908
0.352859
0.35182
0.352573
0.355831
0.361814
0.370064
0.379547
0.388935
0.396937
0.402469
0.404717
0.403184
0.397817
0.389114
0.378169
0.366481
0.355589
0.346711
0.340589
0.337462
0.337189
0.339394
0.343657
0.349677
0.357365
0.366689
0.377446
0.38894
0.399849
0.408464
0.4132
0.413232
0.408865
0.40146
0.392929
0.384999
0.378672
0.37409
0.37084
0.368401
0.366518
0.365266
0.364889
0.365576
0.367356
0.370095
0.373598
0.377695
0.382306
0.38733
0.392425
0.396844
0.399518
0.399485
0.396355
0.390523
0.383039
0.37518
0.368003
0.362073
0.357365
0.353521
0.350176
0.347255
0.345079
0.344236
0.34532
0.34869
0.354309
0.36174
0.370254
0.378938
0.386775
0.392785
0.396192
0.396632
0.394289
0.389887
0.384472
0.379111
0.374615
0.371412
0.369598
0.369065
0.369617
0.371045
0.373132
0.375627
0.378205
0.380524
0.382276
0.383298
0.383632
0.383484
0.383126
0.382773
0.382502
0.382222
0.381717
0.380686
0.378857
0.376185
0.373016
0.370138
0.368536
0.369021
0.371854
0.376672
0.382587
0.388369
0.392466
0.393253
0.389399
0.380362
0.366745
0.35036
0.333915
0.320388
0.312255
0.310805
0.315765
0.325408
0.337163
0.348413
0.357193
0.362534
0.364493
0.363942
0.362165
0.360519
0.36011
0.361651
0.365363
0.371017
0.377958
0.385173
0.391454
0.395681
0.397149
0.395789
0.392272
0.387813
0.38377
0.381144
0.380264
0.380735
0.381642
0.381853
0.380313
0.376356
0.370005
0.362062
0.353937
0.347221
0.343226
0.342663
0.345644
0.351772
0.360312
0.370316
0.380671
0.390099
0.397187
0.400636
0.399801
0.395127
0.388112
0.380783
0.37493
0.371516
0.370512
0.371158
0.372533
0.374003
0.375271
0.376097
0.37598
0.374263
0.370596
0.365266
0.359175
0.353616
0.349971
0.349478
0.352974
0.360657
0.371932
0.385408
0.399082
0.410769
0.418538
0.421079
0.417856
0.409213
0.396437
0.381704
0.367754
0.357316
0.352319
0.353348
0.359461
0.368534
0.377868
0.384952
0.388067
0.386695
0.381651
0.374834
0.368593
0.364996
0.365136
0.368779
0.374465
0.380098
0.383771
0.384541
0.382719
0.379578
0.376606
0.374801
0.374308
0.374634
0.375141
0.37538
0.375195
0.374707
0.3743
0.374589
0.376162
0.37912
0.382757
0.385719
0.386588
0.384549
0.379677
0.372749
0.36485
0.357018
0.350086
0.344736
0.341442
0.340333
0.341185
0.343627
0.347376
0.352289
0.358158
0.364503
0.370583
0.375584
0.378946
0.380477
0.380299
0.378599
0.37548
0.371037
0.365511
0.359306
0.352908
0.346752
0.341276
0.33709
0.335093
0.336332
0.3416
0.350895
0.363094
0.376165
0.387821
0.396365
0.401191
0.402807
0.402408
0.401269
0.40019
0.399209
0.397815
0.395359
0.391566
0.386813
0.382043
0.378355
0.376462
0.376439
0.377801
0.379868
0.382086
0.384144
0.385903
0.387251
0.387974
0.387843
0.38674
0.384724
0.381946
0.3785
0.374388
0.369703
0.364969
0.361305
0.36026
0.363291
0.371065
0.382952
0.396953
0.410011
0.418741
0.420315
0.413318
0.398274
0.377667
0.355359
0.335634
0.322099
0.316772
0.319699
0.329174
0.342359
0.356114
0.367775
0.375751
0.379801
0.380862
0.380543
0.380406
0.381358
0.383422
0.38592
0.387896
0.38855
0.38749
0.384733
0.380505
0.375073
0.368755
0.362114
0.35614
0.352138
0.351338
0.354418
0.361165
0.370482
0.380716
0.390074
0.397053
0.400686
0.400632
0.397176
0.391189
0.383976
0.376978
0.371445
0.368131
0.3671
0.36779
0.369332
0.370938
0.372195
0.373191
0.374372
0.376216
0.378963
0.382399
0.385845
0.388284
0.388712
0.386483
0.38159
0.374648
0.366677
0.358643
0.351222
0.344774
0.339545
0.33594
0.3347
0.336742
0.34275
0.352642
0.365279
0.37858
0.390018
0.397299
0.398998
0.394898
0.385921
0.373781
0.360474
0.347743
0.336767
0.328153
0.322122
0.318755
0.318181
0.320646
0.32641
0.335515
0.347517
0.361344
0.375378
0.387711
0.396553
0.400632
0.399533
0.393936
0.385645
0.377178
0.371184
0.369735
0.373794
0.383031
0.395904
0.409908
0.42205
0.429514
0.430331
0.423979
0.411615
0.395841
0.380003
0.36718
0.359227
0.356299
0.357078
0.359424
0.361145
0.360622
0.357191
0.351274
0.344229
0.337952
0.334257
0.334313
0.338286
0.345371
0.354064
0.362605
0.369416
0.373397
0.374075
0.371613
0.36684
0.361175
0.35646
0.354492
0.356424
0.362241
0.370641
0.379493
0.386571
0.390296
0.390129
0.386589
0.38093
0.374663
0.369172
0.365566
0.364663
0.366931
0.372342
0.380183
0.389087
0.397329
0.403313
0.406143
0.405958
0.403961
0.401953
0.401525
0.403343
0.406974
0.411274
0.414851
0.416348
0.414631
0.409039
0.399751
0.387953
0.375639
0.364957
0.357408
0.353389
0.352214
0.352581
0.353173
0.353162
0.352575
0.352305
0.35371
0.357823
0.364506
0.372328
0.379272
0.383702
0.385034
0.383839
0.381534
0.379804
0.379961
0.382492
0.386973
0.392253
0.396883
0.399523
0.399242
0.395655
0.388978
0.380042
0.370208
0.361145
0.354498
0.351505
0.352666
0.357605
0.365218
0.374014
0.382489
0.389358
0.393645
0.394776
0.39271
0.388093
0.382233
0.37682
0.373336
0.372574
0.374495
0.378521
0.383838
0.389482
0.394207
0.396468
0.394765
0.388277
0.377397
0.363955
0.350857
