0.179453
0.480816
0.876634
1.26978
1.6007
1.84454
1.99851
2.07232
2.08283
2.05083
1.99886
1.94835
1.91388
1.89823
1.89603
1.90187
1.91441
1.93343
1.95584
1.97561
1.98702
1.9868
1.97501
1.95575
1.93611
1.92028
1.90445
1.88157
1.85087
1.81881
1.79273
1.77668
1.77256
1.78178
1.80389
1.83523
1.87051
1.90567
1.93814
1.96351
1.97336
1.95846
1.91541
1.85104
1.78043
1.71991
1.68105
1.66937
1.68681
1.73414
1.80927
1.90337
2.00076
2.08355
2.13738
2.1557
2.14122
2.10455
2.06053
2.02271
2.00011
1.99689
2.01072
2.03162
2.04637
2.0468
2.03565
2.02535
2.02854
2.04711
2.07145
2.08894
2.09149
2.0777
2.05196
2.02269
1.99951
1.98884
1.99046
1.99835
2.00495
2.00671
2.00648
2.00981
2.01969
2.035
2.05162
2.06344
2.06346
2.0463
2.01237
1.97146
1.94048
1.93323
1.94893
1.97146
1.9818
1.97132
1.94473
1.91521
1.89807
1.90341
1.92948
1.96608
2.00485
2.04246
2.07495
2.09427
2.09178
2.06506
2.02247
1.98071
1.95518
1.95223
1.9694
1.99819
2.02656
2.04226
2.03798
2.01602
1.98882
1.97251
1.97835
2.00846
2.05538
2.10084
2.12086
2.10136
2.0472
1.97324
1.89306
1.81978
1.77007
1.75892
1.78862
1.84647
1.91456
1.9795
2.03335
2.06987
2.08317
2.07129
2.04244
2.01648
2.0148
2.04345
2.08646
2.11783
2.11931
2.08938
2.04141
1.99539
1.96799
1.96518
1.98065
2.00059
2.01213
2.01151
2.00803
2.01832
2.05105
2.09845
2.1434
2.16997
2.16878
2.13933
2.09053
2.03812
1.99849
1.98154
1.98751
2.01037
2.04281
2.07736
2.10603
2.12327
2.13013
2.13336
2.1386
2.14418
2.14197
2.1248
2.09344
2.05577
2.01935
1.98695
1.95779
1.93038
1.90444
1.88231
1.86932
1.87116
1.89054
1.92651
1.97612
2.0331
2.08659
2.12436
2.1377
2.12452
2.09139
2.05304
2.02618
2.02061
2.03453
2.05751
2.07704
2.08466
2.07871
2.06354
2.04589
2.03065
2.01809
2.0057
1.99395
1.9898
2.00269
2.03651
2.08627
2.14119
2.18873
2.21679
2.21549
2.18044
2.11718
2.04385
1.98675
1.96811
1.99348
2.04812
2.10532
2.14036
2.14066
2.10908
2.06072
2.013
1.97548
1.95024
1.93941
1.94684
1.97503
2.02328
2.08483
2.14563
2.18973
2.20715
2.19721
2.16605
2.1208
2.06561
2.00295
1.93802
1.88138
1.84617
1.84031
1.86012
1.89203
1.9201
1.93185
1.92021
1.88449
1.83195
1.77781
1.74032
1.73187
1.75388
1.8008
1.86575
1.94039
2.01323
2.07072
2.10134
2.10055
2.07315
2.03148
1.99052
1.96272
1.95397
1.96404
1.99063
2.03053
2.07527
2.10991
2.12048
2.10373
2.06954
2.03476
2.0139
2.01209
2.02444
2.04121
2.05475
2.06259
2.06579
2.06588
2.0628
2.0549
2.04129
2.02533
2.01436
2.01269
2.01422
2.00527
1.97558
1.92584
1.86843
1.82362
1.8111
1.83823
1.89307
1.94991
1.98454
1.98647
1.95981
1.91694
1.87399
1.85016
1.86452
1.92528
2.02042
2.1217
2.19968
2.23682
2.23058
2.18866
2.12375
2.05045
1.9822
1.92763
1.88904
1.86372
1.84786
1.84141
1.84992
1.88006
1.93136
1.992
2.04375
2.0734
2.08171
2.08006
2.07719
2.07271
2.06529
2.0602
2.06481
2.07994
2.09808
2.10918
2.10731
2.09284
2.06979
2.04234
2.01352
1.9866
1.9674
1.96365
1.9804
2.01526
2.05966
2.10402
2.142
2.17012
2.18505
2.18374
2.16749
2.14429
2.12414
2.11214
2.10706
2.10542
2.1039
2.09738
2.07752
2.03798
1.98283
1.92928
1.89927
1.90368
1.93311
1.96455
1.97699
1.96105
1.9199
1.86688
1.82165
1.80155
1.81247
1.84497
1.87819
1.89157
1.87983
1.85945
1.85901
1.89775
1.97056
2.05364
2.12104
2.1565
2.15848
2.14049
2.125
2.13024
2.15761
2.19125
2.21018
2.20138
2.16673
2.12097
2.07839
2.04148
2.00535
1.96703
1.92752
1.89082
1.86444
1.85814
1.87854
1.92352
1.98179
2.03794
2.0784
2.09485
2.086
2.05901
2.02909
2.01405
2.02437
2.05632
2.09491
2.1224
2.1269
2.1094
2.08556
2.07592
2.08717
2.10437
2.1027
2.06396
1.98475
1.87852
1.77608
1.71847
1.73409
1.81613
1.93017
2.04272
2.13751
2.21211
2.26775
2.30287
2.31322
2.2969
2.2583
2.20812
2.15912
2.11991
2.09099
2.06621
2.03855
2.00731
1.98231
1.97846
2.00214
2.04478
2.09067
2.12815
2.15427
2.17294
2.19096
2.21358
2.23939
2.25827
2.25709
2.22959
2.1819
2.13048
2.09365
2.08084
2.08675
2.09534
2.09076
2.06593
2.02452
1.97627
1.9283
1.88015
1.82889
1.77621
1.72899
1.69973
1.70949
1.7747
1.88051
1.98611
2.05813
2.08676
2.08024
2.05412
2.02348
1.99962
1.98826
1.98784
1.99176
1.99488
1.99678
1.99967
2.00482
2.01005
2.00939
1.99568
1.96626
1.92792
1.89584
1.88494
1.90124
1.94156
1.99948
2.06775
2.13463
2.18387
2.20341
2.19395
2.16499
2.12305
2.07245
2.02467
1.99485
1.9887
1.9996
2.01659
2.03049
2.03534
2.02986
2.01985
2.0179
2.03401
2.06122
2.0787
2.07169
2.04262
2.00714
1.98386
1.9863
2.01986
2.08099
2.15741
2.23042
2.27984
2.29045
2.25775
2.19095
2.11013
2.03687
1.98559
1.96222
1.96774
2.00007
2.05285
2.11511
2.17477
2.22305
2.25474
2.26599
2.25511
2.22425
2.17832
2.12187
2.05854
1.9939
1.93927
1.91034
1.91767
1.95646
2.00774
2.05114
2.07522
2.07871
2.06689
2.04848
2.03271
2.02524
2.02516
2.0276
2.02951
2.03215
2.03886
2.05101
2.06554
2.07661
2.07911
2.0694
2.04296
1.99514
1.9285
1.85986
1.81646
1.81975
1.87038
1.94906
2.03038
2.09382
2.12645
2.12404
2.0945
2.05742
2.03523
2.04141
2.0757
2.12741
2.18068
2.21966
2.23318
2.21809
2.18051
2.13187
2.08202
2.03585
1.99682
1.9716
1.96809
1.9886
2.02845
2.08192
2.14561
2.21493
2.27974
2.32476
2.33497
2.30292
2.23267
2.13815
2.03906
1.9567
1.90818
1.89915
1.9216
1.96026
2.00143
2.03676
2.06125
2.06955
2.05626
2.02075
1.97068
1.91851
1.87534
1.84843
1.84202
1.85695
1.88734
1.92016
1.94312
1.95335
1.95782
1.9659
1.98122
1.99996
2.01678
2.03234
2.05582
2.09646
2.14828
2.19011
2.20472
2.19026
2.15568
2.11084
2.06089
2.00744
1.95363
1.906
1.87033
1.84715
1.83297
1.82531
1.82695
1.84518
1.88547
1.94633
2.0196
2.09071
2.14072
2.15487
2.13043
2.07697
2.01301
1.9607
1.93842
1.95471
2.00664
2.08069
2.15661
2.21442
2.24018
2.22858
2.18304
2.11295
2.02926
1.942
1.86068
1.79463
1.75087
1.73175
1.73619
1.76072
1.79788
1.83718
1.8712
1.90037
1.93149
1.9721
2.02486
2.08506
2.14113
2.17745
2.17999
2.14298
2.07296
1.9878
1.91174
1.86729
1.86386
1.89151
1.93192
1.97289
2.01044
2.0428
2.066
2.07346
2.0588
2.02097
1.96937
1.92404
1.90705
1.92871
1.98013
2.03922
2.08356
2.09854
2.07966
2.0324
1.96974
1.90694
1.85719
1.83093
1.83637
1.8773
1.9482
2.03134
2.10028
2.13099
2.11565
2.06891
2.02012
1.99572
2.00524
2.03944
2.07702
2.09391
2.07414
2.01887
1.94622
1.8805
1.83724
1.81719
1.81381
1.82264
1.84373
1.87885
1.92873
1.99199
2.06361
2.13209
2.18111
2.19892
2.18747
2.1611
2.13332
2.10374
2.06055
1.99532
1.91335
1.83316
1.77966
1.77398
1.82185
1.90793
2.00435
2.08682
2.14301
2.16956
2.1659
2.13132
2.0661
1.97466
1.86969
1.77426
1.71675
1.71534
1.76347
1.83532
1.90656
1.96674
2.01545
2.05459
2.08654
2.11441
2.13958
2.15905
2.16644
2.15512
2.12199
2.07091
2.01431
1.9701
1.9531
1.96556
1.99557
2.02517
2.04141
2.04269
2.03677
2.0323
2.03181
2.0328
2.03392
2.03818
2.05058
2.07346
2.10532
2.1421
2.1789
2.21138
2.2375
2.25686
2.26663
2.26062
2.23501
2.19435
2.14982
2.10948
2.0727
2.03707
2.00696
1.99358
2.00816
2.0544
2.12486
2.20306
2.26964
2.31022
2.32151
2.31044
2.28653
2.25665
2.22496
2.19398
2.16463
2.13419
2.09709
2.0499
1.99573
1.94509
1.91362
1.91489
1.9507
2.00758
2.06401
2.10143
2.113
2.10749
2.10513
2.12238
2.15688
2.1893
2.199
2.17711
2.12893
2.06999
2.0212
2.00115
2.01529
2.05297
2.09622
2.13101
2.15555
2.17899
2.20889
2.24158
2.26565
2.27012
2.24993
2.20933
2.16204
2.1254
2.11084
2.11963
2.14407
2.16876
2.17717
2.16331
2.13374
2.09946
2.07036
2.05548
2.06242
2.09195
2.13335
2.16772
2.17838
2.15889
2.11368
2.05489
2.00001
1.9676
1.96942
2.00401
2.05867
2.11864
2.17509
2.2254
2.27004
2.31127
2.35209
2.39263
2.42683
2.44378
2.43388
2.39418
2.32815
2.24283
2.14838
2.06002
1.99663
1.97384
1.99619
2.05494
2.13326
2.21238
2.2755
2.31424
2.33323
2.34553
2.36089
2.37721
2.38397
2.37327
2.34574
2.30823
2.26917
2.2355
2.21277
2.20749
2.22478
2.26123
2.3028
2.33354
2.34454
2.33485
2.30885
2.27568
2.24753
2.23325
2.23276
2.23847
2.24049
2.22962
2.20081
2.15885
2.11744
2.08814
2.07233
2.06537
2.06393
2.06833
2.0817
2.1074
2.14461
2.18588
2.22016
2.23915
2.24318
2.24198
2.24872
2.272
2.31263
2.36574
2.42372
2.47588
2.50927
2.51329
2.48486
2.43076
2.36582
2.30708
2.26629
2.24678
2.24712
2.26708
