           1           ,0.0323165           ,0           ,0
           2           ,0.0969496           ,0           ,0
           3           ,0.161583           ,0           ,0
           4           ,0.226216           ,0           ,0
           5           ,0.290849           ,0           ,0
           6           ,0.355482           ,0           ,0
           7           ,0.420115           ,0           ,0
           8           ,0.484748           ,0           ,0
           9           ,0.549381           ,0           ,0
          10           ,0.614014           ,0           ,0
          11           ,0.678647           ,0           ,0
          12           ,0.74328           ,0           ,0
          13           ,0.807913           ,0           ,0
          14           ,0.872546           ,0.00173618           ,0.000274351
          15           ,0.937179           ,0.142098           ,0.0039341
          16           ,1.00181           ,1.07896           ,0.0123712
          17           ,1.06645           ,2.06035           ,0.0142709
          18           ,1.13108           ,2.26909           ,0.019696
          19           ,1.19571           ,2.09571           ,0.0109095
          20           ,1.26034           ,1.83612           ,0.0100593
          21           ,1.32498           ,1.61769           ,0.0113545
          22           ,1.38961           ,1.45083           ,0.0101854
          23           ,1.45424           ,1.34023           ,0.00891518
          24           ,1.51888           ,1.25822           ,0.00640679
          25           ,1.58351           ,1.20676           ,0.00800373
          26           ,1.64814           ,1.15511           ,0.00788758
          27           ,1.71278           ,1.11756           ,0.00784134
          28           ,1.77741           ,1.09594           ,0.00634721
          29           ,1.84204           ,1.07005           ,0.00528774
          30           ,1.90667           ,1.07466           ,0.00511419
          31           ,1.97131           ,1.05928           ,0.00729412
          32           ,2.03594           ,1.05987           ,0.00522134
          33           ,2.10057           ,1.04915           ,0.00363681
          34           ,2.16521           ,1.04726           ,0.00560965
          35           ,2.22984           ,1.04483           ,0.00415348
          36           ,2.29447           ,1.03764           ,0.0046119
          37           ,2.35911           ,1.0346           ,0.00435971
          38           ,2.42374           ,1.03304           ,0.00458523
          39           ,2.48837           ,1.02762           ,0.00377956
          40           ,2.55301           ,1.02574           ,0.00329962
          41           ,2.61764           ,1.02104           ,0.00288823
          42           ,2.68227           ,1.01635           ,0.00502573
          43           ,2.7469           ,1.00949           ,0.0026082
          44           ,2.81154           ,1.01384           ,0.00230597
          45           ,2.87617           ,1.0033           ,0.00303449
          46           ,2.9408           ,1.00744           ,0.00200639
          47           ,3.00544           ,1.00546           ,0.00265062
          48           ,3.07007           ,1.00184           ,0.00338221
          49           ,3.1347           ,0.99739           ,0.00251475
          50           ,3.19934           ,0.99803           ,0.0023062
          51           ,3.26397           ,0.99319           ,0.00411584
          52           ,3.3286           ,0.995641           ,0.00214982
          53           ,3.39323           ,0.995487           ,0.00221345
          54           ,3.45787           ,0.993787           ,0.00328468
          55           ,3.5225           ,0.993599           ,0.00299539
          56           ,3.58713           ,0.998686           ,0.00279697
          57           ,3.65177           ,0.996526           ,0.00321325
          58           ,3.7164           ,0.993812           ,0.00263346
          59           ,3.78103           ,0.996507           ,0.00256186
          60           ,3.84567           ,0.99257           ,0.00294753
          61           ,3.9103           ,0.990025           ,0.00284018
          62           ,3.97493           ,0.992698           ,0.00300222
          63           ,4.03957           ,0.990234           ,0.00266108
          64           ,4.1042           ,0.993155           ,0.00267739
          65           ,4.16883           ,0.992004           ,0.00331623
          66           ,4.23346           ,0.988575           ,0.00233805
          67           ,4.2981           ,0.987412           ,0.00277648
          68           ,4.36273           ,0.990097           ,0.00249975
          69           ,4.42736           ,0.985506           ,0.00241733
          70           ,4.492           ,0.990171           ,0.00251058
          71           ,4.55663           ,0.986031           ,0.00210104
          72           ,4.62126           ,0.990468           ,0.00138602
          73           ,4.6859           ,0.986112           ,0.00156873
          74           ,4.75053           ,0.987746           ,0.00222094
          75           ,4.81516           ,0.991217           ,0.00257364
          76           ,4.87979           ,0.988951           ,0.00260007
          77           ,4.94443           ,0.98709           ,0.00127372
          78           ,5.00906           ,0.986151           ,0.00166199
          79           ,5.07369           ,0.985297           ,0.00185617
          80           ,5.13833           ,0.986965           ,0.00179562
          81           ,5.20296           ,0.986789           ,0.00158019
          82           ,5.26759           ,0.987712           ,0.00166844
          83           ,5.33223           ,0.988399           ,0.00163553
          84           ,5.39686           ,0.986895           ,0.00212613
          85           ,5.46149           ,0.987113           ,0.00184599
          86           ,5.52612           ,0.984754           ,0.00135757
          87           ,5.59076           ,0.986244           ,0.00107439
          88           ,5.65539           ,0.984823           ,0.00136256
          89           ,5.72002           ,0.985797           ,0.00128049
          90           ,5.78466           ,0.98521           ,0.000993593
          91           ,5.84929           ,0.986682           ,0.00207007
          92           ,5.91392           ,0.982916           ,0.00154772
          93           ,5.97856           ,0.98578           ,0.00127773
          94           ,6.04319           ,0.986053           ,0.00138639
          95           ,6.10782           ,0.984188           ,0.00144555
          96           ,6.17246           ,0.985613           ,0.00140667
          97           ,6.23709           ,0.985079           ,0.00141947
          98           ,6.30172           ,0.986207           ,0.00100455
          99           ,6.36635           ,0.983915           ,0.00141728
         100           ,6.43099           ,0.986688           ,0.00154061
