1,0.24
1,0.1824
2,0.2016
3,0.2176
4,0.1824
5,0.2016
6,0.1824
7,0.1824
8,0.1344
9,0.16
10,0.1824
11,0.1824
12,0.16
13,0.16
14,0.1824
15,0.1824
16,0.16
17,0.1056
18,0.1344
19,0.2016
20,0.2176
21,0.2304
22,0.2304
23,0.16
24,0.16
25,0.2016
26,0.1824
27,0.24
28,0.2176
29,0.2016
30,0.1824
31,0.2016
32,0.2176
33,0.1824
34,0.24
35,0.24
36,0.2304
37,0.2016
38,0.16
39,0.1344
40,0.2016
41,0.2176
42,0.1824
43,0.16
44,0.2176
45,0.2016
46,0.2304
47,0.2016
48,0.2016
49,0.2304
50,0.2016
51,0.2176
52,0.2016
53,0.1824
54,0.2016
55,0.16
56,0.2304
57,0.2016
58,0.1824
59,0.1824
60,0.2176
61,0.2464
62,0.2176
63,0.2016
64,0.1824
65,0.1824
66,0.2176
67,0.2016
68,0.2464
69,0.24
70,0.2016
71,0.2016
72,0.16
73,0.2016
74,0.1824
75,0.16
76,0.1824
77,0.2304
78,0.2016
79,0.1824
80,0.2016
81,0.16
82,0.2016
83,0.16
84,0.1824
85,0.2176
86,0.2176
87,0.2176
88,0.2176
89,0.16
90,0.2304
91,0.2176
92,0.2016
93,0.16
94,0.2176
95,0.2304
96,0.2016
97,0.2016
98,0.2176
99,0.16
100,0.16
101,0.2016
102,0.1824
103,0.2176
104,0.2304
105,0.1344
106,0.16
107,0.16
108,0.1824
109,0.2016
110,0.16
111,0.2016
112,0.1824
113,0.2016
114,0.2304
115,0.2016
116,0.1824
117,0.2016
118,0.2016
119,0.2176
120,0.2016
121,0.1824
122,0.2304
123,0.2176
124,0.2304
125,0.2176
126,0.2176
127,0.2016
128,0.1824
129,0.2176
130,0.2304
131,0.1824
132,0.2304
133,0.2176
134,0.2176
135,0.16
136,0.16
137,0.2016
138,0.2016
139,0.1824
140,0.1824
141,0.2016
142,0.1824
143,0.2016
144,0.1824
145,0.16
146,0.2016
147,0.1824
148,0.2016
149,0.2016
150,0.1824
151,0.1344
152,0.16
153,0.16
154,0.16
155,0.1824
156,0.1824
157,0.2176
158,0.2176
159,0.1824
160,0.1824
161,0.2016
162,0.2464
163,0.2176
164,0.2304
165,0.1824
166,0.1824
167,0.2016
168,0.2016
169,0.2016
170,0.16
171,0.2176
172,0.16
173,0.1344
174,0.1824
175,0.1344
176,0.2176
177,0.2016
178,0.2016
179,0.16
180,0.2016
181,0.2016
182,0.1344
183,0.16
184,0.2016
185,0.2176
186,0.2304
187,0.2176
188,0.16
189,0.16
190,0.1824
191,0.1344
192,0.16
193,0.2016
194,0.16
195,0.2016
196,0.2016
197,0.2176
198,0.2016
199,0.16
200,0.2304
