1,-0.04
1,-0.4408
2,-0.488816
3,-0.169776
4,-0.0433955
5,-0.0408679
6,0.0791826
7,-0.0384163
8,-0.0407683
9,-0.160815
10,-0.283216
11,-0.165664
12,0.0766867
13,-0.0784663
14,-0.161569
15,-0.243231
16,0.0751354
17,0.0815027
18,-0.35837
19,-0.287167
20,-0.285743
21,-0.125715
22,-0.0825143
23,-0.36165
24,-0.127233
25,-0.0425447
26,-0.160851
27,-0.00321702
28,0.159936
29,0.00319871
30,0.080064
31,0.0816013
32,0.00163203
33,-0.199967
34,-0.243999
35,-0.28488
36,-0.0456976
37,-0.080914
38,-0.00161828
39,-0.0400324
40,0.199199
41,0.00398399
42,-0.0399203
43,-0.200798
44,-0.164016
45,-0.00328032
46,-0.280066
47,-0.365601
48,-0.367312
49,-0.247346
50,-0.0449469
51,0.119101
52,0.00238202
53,0.440048
54,0.088801
55,-0.158224
56,-0.163164
57,0.116737
58,0.00233473
59,-0.319953
60,-0.0863991
61,-0.201728
62,0.0759654
63,0.00151931
64,-0.0399696
65,0.159201
66,-0.076816
67,-0.00153632
68,-3.07264e-05
69,-0.240001
70,-0.2048
71,-0.044096
72,0.0391181
73,0.0807824
74,0.401616
75,0.528032
76,0.530561
77,0.290611
78,0.165812
79,0.243316
80,0.164866
81,0.483297
82,0.449666
83,0.0489933
84,0.16098
85,0.32322
86,0.00646439
87,-0.119871
88,-0.122397
89,0.117552
90,0.242351
91,0.084847
92,0.241697
93,0.0848339
94,0.00169668
95,0.200034
96,0.244001
97,0.40488
98,0.208098
99,0.564162
100,0.451283
101,0.0890257
102,0.0817805
103,-0.0783644
104,-0.321567
105,-0.0464313
106,-0.160929
107,-0.203219
108,-0.284064
109,-0.205681
110,-0.0441136
111,0.0791177
112,0.0415824
113,0.240832
114,0.0848166
115,0.201696
116,0.244034
117,0.324881
118,0.366498
119,0.12733
120,0.0025466
121,0.0400509
122,0.000801019
123,0.120016
124,0.1224
125,0.042448
126,0.280849
127,0.205617
128,0.164112
129,-0.156718
130,0.156866
131,0.283137
132,0.245663
133,-0.115087
134,0.237698
135,0.204754
136,0.00409508
137,-0.0799181
138,0.318402
139,-0.033632
140,-0.120673
141,-0.0424135
142,-0.0808483
143,0.118383
144,0.122368
145,0.00244735
146,4.89471e-05
147,-0.119999
148,-0.0424
149,0.119152
150,-0.077617
151,-0.0415523
152,0.079169
153,0.121583
154,0.202432
155,0.00404863
156,0.240081
157,-0.0351984
158,-0.280704
159,-0.405614
160,-0.408112
161,-0.448162
162,-0.288963
163,-0.245779
164,-0.164916
165,-0.403298
166,-0.328066
167,-0.206561
168,-0.164131
169,-0.0432826
170,0.0791343
171,0.0415827
172,-0.399168
173,-0.247983
174,0.0750403
175,0.0415008
176,0.08083
177,-0.118383
178,0.157632
179,-0.396847
180,-0.00793695
181,-0.200159
182,-0.204003
183,0.0359199
184,-0.119282
185,-0.00238563
186,0.159952
187,0.203199
188,0.00406398
189,0.120081
190,0.282402
191,0.285648
192,0.245713
193,0.244914
194,0.284898
195,0.125698
196,0.162514
197,0.20325
198,0.404065
199,0.328081
200,0.366562
