1,0.2
1,-0.516
2,-0.45032
3,-0.369006
4,-0.52738
5,-0.450548
6,-0.529011
7,-0.53058
8,-0.690612
9,-0.613812
10,-0.532276
11,-0.530646
12,-0.610613
13,-0.612212
14,-0.532244
15,-0.530645
16,-0.610613
17,-0.772212
18,-0.695444
19,-0.453909
20,-0.369078
21,-0.287382
22,-0.285748
23,-0.605715
24,-0.612114
25,-0.452242
26,-0.529045
27,-0.210581
28,-0.364212
29,-0.447284
30,-0.528946
31,-0.450579
32,-0.369012
33,-0.52738
34,-0.210548
35,-0.204211
36,-0.284084
37,-0.445682
38,-0.608914
39,-0.692178
40,-0.453844
41,-0.369077
42,-0.527382
43,-0.610548
44,-0.372211
45,-0.447444
46,-0.288949
47,-0.445779
48,-0.448916
49,-0.288978
50,-0.44578
51,-0.368916
52,-0.447378
53,-0.528948
54,-0.450579
55,-0.609012
56,-0.29218
57,-0.445844
58,-0.528917
59,-0.530578
60,-0.370612
61,-0.127412
62,-0.362548
63,-0.447251
64,-0.528945
65,-0.530579
66,-0.370612
67,-0.447412
68,-0.128948
69,-0.202579
70,-0.444052
71,-0.448881
72,-0.608978
73,-0.45218
74,-0.529044
75,-0.610581
76,-0.532212
77,-0.290644
78,-0.445813
79,-0.528916
80,-0.450578
81,-0.609012
82,-0.45218
83,-0.609044
84,-0.532181
85,-0.370644
86,-0.367413
87,-0.367348
88,-0.367347
89,-0.607347
90,-0.292147
91,-0.365843
92,-0.447317
93,-0.608946
94,-0.372179
95,-0.287444
96,-0.445749
97,-0.448915
98,-0.368978
99,-0.60738
100,-0.612148
101,-0.452243
102,-0.529045
103,-0.370581
104,-0.287412
105,-0.685748
106,-0.613715
107,-0.612274
108,-0.532245
109,-0.450645
110,-0.609013
111,-0.45218
112,-0.529044
113,-0.450581
114,-0.289012
115,-0.44578
116,-0.528916
117,-0.450578
118,-0.449012
119,-0.36898
120,-0.44738
121,-0.528948
122,-0.290579
123,-0.365812
124,-0.287316
125,-0.365746
126,-0.367315
127,-0.447346
128,-0.528947
129,-0.370579
130,-0.287412
131,-0.525748
132,-0.290515
133,-0.36581
134,-0.367316
135,-0.607346
136,-0.612147
137,-0.452243
138,-0.449045
139,-0.528981
140,-0.53058
141,-0.450612
142,-0.529012
143,-0.45058
144,-0.529012
145,-0.61058
146,-0.452212
147,-0.529044
148,-0.450581
149,-0.449012
150,-0.52898
151,-0.69058
152,-0.613812
153,-0.612276
154,-0.612246
155,-0.532245
156,-0.530645
157,-0.370613
158,-0.367412
159,-0.527348
160,-0.530547
161,-0.450611
162,-0.129012
163,-0.36258
164,-0.287252
165,-0.525745
166,-0.530515
167,-0.45061
168,-0.449012
169,-0.44898
170,-0.60898
171,-0.37218
172,-0.607444
173,-0.692149
174,-0.533843
175,-0.690677
176,-0.373814
177,-0.447476
178,-0.44895
179,-0.608979
180,-0.45218
181,-0.449044
182,-0.688981
183,-0.61378
184,-0.452276
185,-0.369046
186,-0.287381
187,-0.365748
188,-0.607315
189,-0.612146
190,-0.532243
191,-0.690645
192,-0.613813
193,-0.452276
194,-0.609046
195,-0.452181
196,-0.449044
197,-0.368981
198,-0.44738
199,-0.608948
200,-0.292179
