1,0.04
1,4.82242
2,3.6778
3,0.186814
4,0.0328764
5,0.0386958
6,0.163111
7,0.0337416
8,0.0386617
9,0.633829
10,1.78655
11,0.38607
12,0.192376
13,0.14498
14,0.617013
15,1.29572
16,0.280447
17,0.183222
18,3.17438
19,1.17194
20,1.64559
21,0.189609
22,0.145191
23,3.18794
24,0.0790767
25,0.0368995
26,0.63411
27,0.00402095
28,0.640644
29,0.00410424
30,0.160329
31,0.173083
32,0.000299578
33,0.99994
34,1.21001
35,1.63584
36,0.00132614
37,0.159894
38,0.000255661
39,0.0399898
40,1.00801
41,0.0101609
42,0.0395946
43,0.992097
44,0.491107
45,0.00241186
46,1.95932
47,2.57303
48,2.37991
49,0.925461
50,0.0115463
51,0.361387
52,0.001306
53,4.84057
54,0.781558
55,0.521059
56,0.559346
57,0.43025
58,0.00185115
59,2.55941
60,0.0207531
61,0.995854
62,0.249586
63,0.000622929
64,0.0399751
65,0.646412
66,0.112466
67,0.000126485
68,1.59984e-10
69,1.44
70,0.732736
71,0.0160596
72,0.040645
73,0.163268
74,4.06557
75,9.03939
76,12.2776
77,6.90512
78,2.22162
79,2.02255
80,1.00451
81,6.25226
82,7.9819
83,0.996383
84,0.809349
85,2.82554
86,0.0798369
87,0.350483
88,0.31917
89,0.399319
90,1.53743
91,0.306631
92,1.51453
93,0.304101
94,0.000924772
95,1.00018
96,1.69005
97,4.70458
98,2.16225
99,9.09761
100,9.67061
101,1.86886
102,0.344435
103,0.133632
104,2.51742
105,0.0026772
106,0.639572
107,0.876176
108,1.72235
109,0.685195
110,0.0172871
111,0.161386
112,0.0467159
113,1.45123
114,0.297159
115,1.06031
116,1.70572
117,3.13492
118,4.46685
119,1.09555
120,0.0120023
121,0.0404815
122,1.63875e-05
123,0.360002
124,0.404496
125,0.057816
126,1.97622
127,1.4343
128,0.89006
129,0.505512
130,0.723437
131,2.1678
132,2.00726
133,0.159419
134,1.47851
135,1.31756
136,0.0173597
137,0.158614
138,2.61101
139,0.00373331
140,0.359552
141,0.0269107
142,0.157854
143,0.379192
144,0.406941
145,0.00165601
146,2.74236e-08
147,0.36
148,0.026896
149,0.363235
150,0.132261
151,0.0348845
152,0.162803
153,0.379801
154,1.0774
155,0.011608
156,1.44279
157,0.00310486
158,1.95913
159,3.25473
160,2.80404
161,3.68485
162,1.06402
163,1.19596
164,0.46295
165,3.81696
166,1.48426
167,0.725178
168,0.52923
169,0.0216316
170,0.161735
171,0.046731
172,3.98133
173,0.642991
174,0.215574
175,0.0490877
176,0.163951
177,0.340595
178,0.695655
179,3.72658
180,0.138874
181,0.972418
182,0.814972
183,0.0792407
184,0.350554
185,0.00122888
186,0.640197
187,1.13214
188,0.0128174
189,0.36154
190,2.06254
191,2.58005
192,2.12578
193,1.99538
194,2.55852
195,0.732483
196,0.762563
197,1.15833
198,4.47675
199,4.19297
200,4.92528
