0.552435
1.59692
2.61955
3.37334
3.82944
4.04512
4.09766
4.06433
4.02031
4.01486
4.05148
4.10614
4.16762
4.23321
4.27594
4.28306
4.27437
4.24899
4.16047
3.97911
3.75806
3.591
3.52533
3.5547
3.65099
3.78087
3.91655
4.0453
4.16494
4.26674
4.33118
4.34439
4.30459
4.20973
4.05627
3.86423
3.70129
3.64795
3.72582
3.89067
4.07123
4.20306
4.26726
4.28169
4.23608
4.10939
3.94053
3.83166
3.84686
3.92751
3.99628
4.01974
3.99328
3.93483
3.86793
3.8165
3.80756
3.85837
3.95941
4.06269
4.09589
4.02925
3.91724
3.84607
3.86002
3.9381
4.023
4.05899
4.02239
3.92914
3.81966
3.73843
3.72096
3.78319
3.89891
4.02432
4.13832
4.23863
4.32023
4.36807
4.36507
4.30616
4.20778
4.09899
4.00571
3.95672
3.96169
3.9709
3.93026
3.8447
3.77654
3.7983
3.92052
4.08083
4.22975
4.35837
4.43525
4.4249
4.36114
4.32301
4.33295
4.33705
4.2932
4.22395
4.17649
4.18098
4.23884
4.32486
4.40369
4.45111
4.46993
4.46816
4.42922
4.33576
4.20575
4.08632
4.01047
3.98187
3.99437
4.03643
4.09281
4.15016
4.18854
4.18609
4.14403
4.08057
4.00062
3.90689
3.83706
3.83595
3.89327
3.96746
4.03766
4.10422
4.17003
4.24511
4.32498
4.34986
4.28929
4.18766
4.1112
4.08874
4.11865
4.20641
4.3173
4.374
4.33839
4.24233
4.13955
4.0597
4.01231
3.97985
3.94947
3.94709
3.99078
4.05734
4.12219
4.16951
4.16824
4.08781
3.93666
3.78714
3.78657
3.96164
4.1329
4.20671
4.21698
4.22067
4.20887
4.13811
4.03327
3.97551
3.99895
4.05008
4.07822
4.08694
4.09375
4.09504
4.07176
4.02224
3.97209
3.93755
3.90753
3.88586
3.89709
3.94668
4.04823
4.22352
4.42919
4.57263
4.59984
4.52562
4.39758
4.25133
4.11509
4.04188
4.06368
4.11864
4.13745
4.11476
4.0803
4.06008
4.05686
4.06565
4.08525
4.11193
4.13811
4.14987
4.12873
4.06864
3.99385
3.95557
3.98918
4.07353
4.16091
4.22385
4.25675
4.28115
4.34027
4.42248
4.45929
4.41017
4.28539
4.12926
3.98901
3.89836
3.88211
3.9324
3.99986
4.02892
4.01047
4.00044
4.04131
4.08124
4.04483
3.95664
3.93751
4.05979
4.24869
4.37443
4.37722
4.27779
4.13058
3.99911
3.93696
3.95617
4.05357
4.21526
4.37047
4.43478
4.38783
4.27638
4.1668
4.10838
4.12296
4.19517
4.28133
4.32549
4.27397
4.12678
3.94614
3.80258
3.7289
3.72411
3.77329
3.85696
3.96004
4.06681
4.15085
4.18851
4.18573
4.18447
4.23774
4.35258
4.4585
4.48216
4.41575
4.29523
4.16517
4.07076
4.02838
4.0075
3.98627
3.99633
4.07327
4.20448
4.3564
4.50568
4.63585
4.72284
4.73906
4.67327
4.54584
4.4035
4.28395
4.19355
4.12577
4.07751
4.04631
4.03077
4.03223
4.04645
4.06094
4.06236
4.04506
4.02028
4.0193
4.06394
4.12784
4.17475
4.21744
4.26684
4.27014
4.19343
4.08663
4.04783
4.13598
4.30337
4.46154
4.56704
4.61398
4.60689
4.55622
4.48287
4.41622
4.36598
4.31484
4.25739
4.21429
4.2062
4.23081
4.26289
4.26379
4.21379
4.14411
4.10126
4.09162
4.08748
4.05721
3.99352
3.92723
3.90317
3.93957
4.02828
4.14919
4.26493
4.34617
4.39028
4.39441
4.35205
4.27777
4.19781
4.12236
4.06025
4.05034
4.1144
4.20404
4.26965
4.31344
4.33278
4.29566
4.22598
4.20643
4.23052
4.27073
4.34389
4.42782
4.4751
4.44912
4.34582
4.20905
4.11042
4.10143
4.17879
4.3037
4.43693
4.54109
4.59885
4.64095
4.71679
4.8281
4.91594
4.91454
4.79904
4.58865
4.32984
4.09253
3.95126
3.93484
4.01566
4.13339
4.22759
4.27289
4.28686
4.2967
4.30044
4.2726
4.19472
4.07166
3.94729
3.86291
3.81538
3.81311
3.8883
4.03068
4.16689
4.23903
4.26444
4.28943
4.32883
4.3626
4.35444
4.28345
4.17294
4.08192
4.05569
4.08335
4.12603
4.17719
4.24902
4.31374
4.31322
4.23233
4.13735
4.1156
4.17289
4.2446
4.28115
4.27628
4.24607
4.20725
4.17025
4.14179
4.12424
4.11531
4.11815
4.14191
4.18303
4.20773
4.16872
4.05403
3.91085
3.81208
3.8029
3.88611
4.02862
4.16764
4.24725
4.25203
4.20951
4.16581
4.14797
4.16238
4.2029
4.24499
4.26412
4.25289
4.21692
4.17001
4.12213
4.08074
4.06718
4.11217
4.22079
4.34268
4.41325
4.40294
4.33554
4.27961
4.30244
4.4155
4.55636
4.62973
4.58659
4.45377
4.28868
4.13368
4.01597
3.95837
3.96471
4.01229
4.07364
4.14622
4.24033
4.34238
4.42605
4.49427
4.57897
4.66753
4.68362
4.59312
4.46333
4.35749
4.28036
4.25488
4.29815
4.39481
4.51777
4.63638
4.71164
4.7056
4.61484
4.48701
4.37692
4.30781
4.29603
4.34703
4.42025
4.46068
4.45028
4.39839
4.3139
4.2134
4.13385
4.11113
4.13822
4.17136
4.18268
4.18038
4.18597
4.20693
4.24173
4.27918
4.28644
4.23834
4.14572
4.04452
3.97362
3.94782
3.9478
3.94771
3.93839
3.93656
3.968
4.03644
4.12702
4.22178
4.3032
4.35979
4.40104
4.47169
4.57732
4.65304
4.66417
4.61783
4.53333
4.43483
4.34307
4.26949
4.21497
4.16566
4.10698
4.04245
3.99293
3.9874
4.04424
4.13333
4.18931
4.18182
4.14353
4.13379
4.17469
4.2387
4.29245
4.32715
4.33913
4.30367
4.2144
4.13379
4.14759
4.2673
4.42693
4.54553
4.56996
4.50175
4.39293
4.29557
4.21899
4.1383
4.0373
3.93553
3.8716
3.88844
4.00629
4.19093
4.3725
4.48806
4.51718
4.50259
4.50905
4.5404
4.5445
4.48958
4.39881
4.31757
4.27688
4.2836
4.31582
4.3373
4.32163
4.26052
4.17111
4.08879
4.0239
3.95809
3.89563
3.87275
3.91017
3.98455
4.06166
4.12436
4.17974
4.24484
4.31725
4.38631
4.45444
4.51366
4.51942
4.42223
4.2217
3.97398
3.76361
3.66816
3.70758
3.82867
3.95562
4.04273
4.09722
4.15875
4.24258
4.31621
4.34281
4.31451
4.24104
4.12592
3.96414
3.77507
3.64086
3.63468
3.72641
3.85421
3.96645
4.04329
4.10905
4.19921
4.32941
4.48057
4.60015
4.6301
4.54924
4.39215
4.23079
4.1319
4.11774
4.1678
4.26587
4.39635
4.52307
4.63024
4.71638
4.76086
4.73509
4.63819
4.50251
4.36325
4.23699
4.14068
4.11513
4.18708
4.3161
4.42957
4.48017
4.45587
4.36986
4.25052
4.13654
4.05434
3.98887
3.90185
3.79836
3.74746
3.7952
3.90261
3.99837
4.03281
3.99647
3.93737
3.92264
3.96339
4.02217
4.06426
4.08196
4.08715
4.09347
4.10728
4.1322
4.1746
4.23199
4.28692
4.32578
4.35223
4.3738
4.38047
4.34988
4.28208
4.22059
4.20225
4.19744
4.15826
4.08329
3.99173
3.88845
3.79761
3.79043
3.90756
4.09704
4.28805
4.44194
4.54127
4.56901
4.50886
4.37255
4.21617
4.10118
4.02783
3.96495
3.92627
3.9432
4.00482
4.07693
4.14197
4.19537
4.24418
4.2993
4.33413
4.31117
4.25276
4.21825
4.21425
4.22429
4.26096
4.33287
4.42829
4.5272
4.59312
4.58073
4.48244
4.33558
4.20307
4.14981
4.19651
4.29319
4.35517
4.32649
4.21308
4.07272
3.97256
3.94177
3.96533
4.01313
4.06169
4.0944
4.10058
4.08693
4.08234
4.12365
4.23407
4.39551
4.54033
4.60722
4.59819
4.55973
4.52548
4.49565
4.45935
4.40699
4.33087
4.23855
4.16243
4.14115
4.18116
4.23781
4.24974
4.1978
4.11326
4.02633
3.95405
3.92524
3.9522
3.9795
3.94101
3.84454
3.7507
3.72192
3.80384
3.98019
4.16391
4.27967
4.31579
4.29627
4.24203
4.16145
4.05142
3.91993
3.81753
3.80375
3.88733
4.02329
4.1654
4.30208
4.42047
4.47893
4.45476
4.37688
4.29948
4.25564
4.23529
4.21173
4.18549
4.19433
4.27529
4.41265
4.54434
4.62001
4.62499
4.56514
4.46369
4.36182
4.27029
4.16354
4.06762
4.03617
4.05469
4.06088
4.01953
3.94419
3.88168
3.89114
4.0004
4.15891
4.28654
4.34795
4.34834
4.3171
4.30421
4.33947
4.39603
4.41483
4.36451
4.27311
4.16372
4.0266
3.8899
3.81833
3.8178
3.83434
3.8543
3.92622
4.0482
4.14411
4.18542
4.19899
4.20486
4.20235
4.19996
4.21935
4.26281
4.3081
4.31666
4.26664
4.17791
4.09139
4.03676
4.01857
4.02079
4.02914
4.05099
4.09595
4.1436
4.15401
4.11091
4.04134
3.99735
4.02175
4.10956
4.21121
4.28521
4.31536
4.30315
4.27188
4.25145
4.25433
4.27067
4.26632
4.19963
4.08933
4.03327
4.09173
4.2017
4.24567
4.17484
4.05678
4.00361
4.04587
4.13022
4.20687
4.2533
4.26286
4.23907
4.17867
4.06766
3.91462
3.7718
3.70598
3.7436
3.86434
4.02206
4.14197
4.16863
4.11935
4.05375
4.00913
3.99558
4.00273
3.99657
3.97519
3.98446
4.03988
4.08858
4.09215
4.0665
4.0473
4.06833
4.13687
4.22203
4.29574
4.35052
4.37934
4.39164
4.42128
4.48702
4.57448
4.65665
4.70887
4.71219
4.65597
4.54273
4.39823
4.26998
4.19496
4.17201
4.17922
4.20022
4.2341
4.2844
4.3339
4.3611
4.37209
4.3897
4.43396
4.5096
4.58134
4.58954
4.51317
4.39949
4.31252
4.25662
4.20526
4.15425
4.11174
4.06526
3.98819
3.89207
3.82565
3.80671
3.80298
3.78998
3.78078
3.8033
3.87891
4.00626
4.14352
4.22658
4.22535
4.18433
4.20006
4.32875
4.54302
4.77425
4.93623
4.96057
4.82893
4.57328
4.27079
4.02551
3.92316
3.98454
4.15818
4.36164
4.52984
