2.03853
2.03818
2.03807
2.03809
2.03814
2.0382
2.03824
2.03829
2.03832
2.03832
2.0383
2.03829
2.0383
2.03828
2.03827
2.03829
2.03829
2.03825
2.03822
2.03825
2.03831
2.03834
2.03833
2.03832
2.0383
2.03829
2.03829
2.03829
2.03829
2.03828
2.03827
2.03827
2.03826
2.03825
2.03825
2.03829
2.03835
2.03836
2.03833
2.03829
2.03825
2.03823
2.03825
2.03824
2.03822
2.03823
2.0383
2.03834
2.03829
2.03825
2.03824
2.03825
2.03826
2.03828
2.0383
2.03831
2.03832
2.03832
2.03828
2.03823
2.03821
2.03824
2.0383
2.03833
2.03832
2.03829
2.03825
2.03824
2.03825
2.03827
2.03829
2.03831
2.03832
2.0383
2.03828
2.03827
2.03828
2.03828
2.03827
2.03826
2.03826
2.03826
2.03828
2.03829
2.0383
2.03831
2.03828
2.03824
2.03824
2.03827
2.03832
2.03832
2.03828
2.03824
2.03825
2.03823
2.03821
2.03824
2.0383
2.03831
2.03827
2.03824
2.03826
2.03829
2.03831
2.03831
2.0383
2.03828
2.03826
2.03827
2.03828
2.03826
2.03825
2.03826
2.03829
2.03831
2.03831
2.03831
2.0383
2.03829
2.03829
2.03828
2.03827
2.03827
2.03829
2.03829
2.03828
2.03831
2.03834
2.03833
2.03829
2.03828
2.03828
2.03828
2.03829
2.03829
2.03825
2.03823
2.03826
2.0383
2.03832
2.03831
2.03832
2.0383
2.03825
2.03822
2.03824
2.03828
2.03829
2.0383
2.03828
2.03827
2.03829
2.03831
2.03829
2.03828
2.03828
2.03826
2.03824
2.03823
2.03827
2.03836
2.03839
2.03825
2.0382
2.03823
2.03828
2.03827
2.03823
2.03824
2.0383
2.03833
2.03829
2.03826
2.03827
2.03829
2.03829
2.03827
2.03826
2.03827
2.03828
2.03827
2.03827
2.03829
2.03829
2.0383
2.03833
2.03831
2.03825
2.03822
2.03823
2.03827
2.03828
2.03829
2.03832
2.03835
2.03831
2.03826
2.03826
2.03829
2.0383
2.0383
2.0383
2.0383
2.0383
2.0383
2.03829
2.03828
2.03827
2.03829
2.03832
2.03834
2.03833
2.0383
2.03828
2.03827
2.03828
2.03831
2.03831
2.03826
2.03824
2.03824
2.03827
2.0383
2.03832
2.03833
2.03833
2.03829
2.03825
2.03825
2.03828
2.03831
2.03827
2.03822
2.03823
2.03832
2.03838
2.03833
2.03824
2.0382
2.03822
2.03825
2.03828
2.03831
2.03831
2.03831
2.03831
2.03827
2.03821
2.03821
2.03825
2.0383
2.03833
2.03834
2.03833
2.0383
2.03827
2.03823
2.03823
2.03828
2.03833
2.03834
2.03834
2.03834
2.03832
2.03832
2.03831
2.0383
2.03828
2.03828
2.03831
2.03834
2.03835
2.0383
2.03825
2.03825
2.03827
2.0383
2.03832
2.03833
2.03831
2.03829
2.03832
2.03834
2.03833
2.03831
2.03831
2.0383
2.03829
2.03827
2.03827
2.03828
2.03831
2.03833
2.03833
2.03833
2.03832
2.03832
2.03832
2.03832
2.03831
2.0383
2.03829
2.03829
2.0383
2.03832
2.03833
2.03831
2.03828
2.03829
2.03831
2.03827
2.03824
2.03828
2.03834
2.03839
2.03835
2.0383
2.03828
2.03828
2.03828
2.03829
2.03831
2.03832
2.03833
2.03831
2.0383
2.03831
2.03832
2.03832
2.0383
2.03827
2.03826
2.03828
2.03831
2.03831
2.0383
2.03827
2.03826
2.03828
2.03831
2.03832
2.03831
2.03831
2.03829
2.03827
2.03828
2.03828
2.03828
2.03829
2.0383
2.0383
2.03829
2.03832
2.03833
2.03829
2.03826
2.03826
2.03827
2.03823
2.03824
2.03831
2.03829
2.03828
2.0383
2.03829
2.03826
2.03823
2.03823
2.03825
2.0383
2.03833
2.03833
2.0383
2.03828
2.03826
2.03824
2.03827
2.03831
2.03831
2.03827
2.03822
2.03821
2.03822
2.03824
2.03828
2.03832
2.03834
2.03832
2.03828
2.03824
2.03822
2.03824
2.03826
2.03826
2.03824
2.03823
2.03822
2.03825
2.03828
2.03827
2.03827
2.0383
2.03829
2.03824
2.03821
2.03823
2.03826
2.03827
2.03826
2.03824
2.03822
2.03824
2.03828
2.03831
2.0383
2.03826
2.03826
2.03827
2.03826
2.03822
2.03821
2.03826
2.03832
2.03832
2.03828
2.03825
2.03824
2.03825
2.03826
2.03827
2.03827
2.03827
2.03827
2.03827
2.03828
2.03828
2.03826
2.03822
2.03821
2.03824
2.03829
2.03832
2.03832
2.0383
2.03826
2.03822
2.03821
2.03823
2.03826
2.03828
2.03828
2.03828
2.03826
2.03825
2.03825
2.03825
2.03826
2.03827
2.03827
2.03828
2.0383
2.0383
2.03827
2.03823
2.03821
2.03823
2.03827
2.03831
2.03832
2.03828
2.03821
2.03818
2.03821
2.03824
2.03827
2.03828
2.03829
2.03829
2.03828
2.03826
2.03827
2.03828
2.03827
2.03825
2.03825
2.03828
2.03827
2.03821
2.03819
2.03824
2.03828
2.03827
2.03829
2.03831
2.0383
2.03829
2.03827
2.03825
2.03822
2.03822
2.03824
2.03828
2.03829
2.0383
2.0383
2.03828
2.03824
2.03823
2.03824
2.03824
2.03825
2.03828
2.0383
2.0383
2.03826
2.03824
2.03825
2.03827
2.03827
2.03827
2.03827
2.03825
2.03823
2.03824
2.03826
2.03829
2.03829
2.03828
2.03826
2.03825
2.03826
2.03828
2.03828
2.03827
2.03826
2.03825
2.03824
2.03824
2.03827
2.03828
2.03823
2.03821
2.03822
2.03824
2.03825
2.03826
2.03826
2.03826
2.03825
2.03824
2.03824
2.03825
2.03827
2.03829
2.03827
2.03823
2.03821
2.03824
2.03828
2.0383
2.03828
2.03825
2.03825
2.03825
2.03823
2.03822
2.03826
2.03832
2.03832
2.03828
2.03823
2.03819
2.03819
2.03823
2.03826
2.03826
2.03824
2.03823
2.03824
2.03827
2.0383
2.03832
2.0383
2.03825
2.03821
2.0382
2.03822
2.03826
2.03827
2.03823
2.03821
2.03823
2.03826
2.03828
2.03828
2.03827
2.03825
2.03823
2.03822
2.03823
2.03825
2.03825
2.03823
2.03823
2.03826
2.03828
2.03826
2.03824
2.03823
2.03824
2.03825
2.03825
2.03824
2.03825
2.03825
2.03822
2.03818
2.03818
2.03821
2.03826
2.03831
2.03832
2.03829
2.03824
2.03821
2.03822
2.03825
2.03827
2.03824
2.03822
2.03822
2.03822
2.03822
2.03821
2.03821
2.03825
2.0383
2.03827
2.03824
2.03822
2.03821
2.03824
2.03827
2.03828
2.03828
2.03825
2.03821
2.03819
2.03821
2.03825
2.03829
2.0383
2.03828
2.03827
2.03826
2.03824
2.03823
2.03824
2.03823
2.03821
2.03821
2.03823
2.03825
2.03825
2.03826
2.03828
2.03831
2.03828
2.03824
2.03821
2.03821
2.03822
2.03823
2.03826
2.03827
2.03826
2.03822
2.03822
2.03827
2.0383
2.03828
2.03823
2.0382
2.0382
2.03823
2.03828
2.03829
2.03826
2.03824
2.03824
2.03825
2.03826
2.03826
2.03826
2.03827
2.03826
2.03825
2.03825
2.03825
2.03826
2.03826
2.03824
2.03824
2.03827
2.03829
2.03827
2.03823
2.03823
2.03825
2.03825
2.03826
2.03831
2.03834
2.03831
2.03827
2.03825
2.03825
2.03824
2.03822
2.03822
2.03825
2.03829
2.03828
2.03825
2.03826
2.03829
2.03828
2.03825
2.03824
2.03823
2.03824
2.03825
2.03823
2.0382
2.03821
2.03825
2.03825
2.03824
2.03826
2.03827
2.03826
2.03825
2.03824
2.03821
2.0382
2.03823
2.03827
2.03831
2.03833
2.03829
2.03824
2.0382
2.0382
2.03824
2.03828
2.0383
2.03829
2.03827
2.03826
2.03824
2.03823
2.03823
2.03825
2.03827
2.03829
2.03828
2.03824
2.0382
2.0382
2.03824
2.03826
2.03826
2.03825
2.03825
2.03824
2.03824
2.03826
2.03829
2.03829
2.03826
2.03822
2.0382
2.03823
2.03824
2.03825
2.03826
2.03828
2.03824
2.03819
2.03819
2.03823
2.03827
2.03831
2.0383
2.03824
2.0382
2.03819
2.03822
2.03823
2.03823
2.03822
2.03822
2.03825
2.03829
2.03829
2.03826
2.03824
2.03824
2.03824
2.03821
2.0382
2.03822
2.03826
2.03828
2.03827
2.03825
2.03825
2.03828
2.03831
2.0383
2.03825
2.03822
2.03822
2.03822
2.03823
2.03825
2.03825
2.03823
2.03824
2.03829
2.03828
2.03824
2.03821
2.03822
2.03825
2.03829
2.03831
2.03828
2.03823
2.03821
2.03822
2.03823
2.03827
2.03829
2.03827
2.03823
2.0382
2.03823
2.03824
2.03823
2.03825
2.0383
2.0383
2.03826
2.03825
2.03829
2.03829
2.03823
2.03822
2.03824
2.03826
2.03825
2.03825
2.03827
2.03827
2.03826
2.03823
2.03822
2.03823
2.03826
2.03827
2.03827
2.03826
2.03824
2.03825
2.03826
2.03825
2.03822
2.03821
2.03823
2.03826
2.03828
2.03828
2.03825
2.03822
2.03822
2.03822
2.03824
2.03825
2.03826
2.03825
2.03822
2.03819
2.03819
2.03826
2.0383
2.03826
2.03818
2.03814
2.03819
2.03827
2.03829
2.03826
2.03823
2.03821
2.03821
2.03821
2.03821
2.03819
2.03819
2.03822
2.03826
2.03827
2.03826
2.03823
2.03818
2.03815
2.03817
2.03821
2.03823
2.03823
2.03823
2.0382
2.03819
2.03823
2.03824
2.0382
2.03818
2.0382
2.03823
2.03825
2.03826
2.03823
2.03821
2.03821
2.0382
2.03821
2.03823
2.03825
2.03824
2.03823
2.03821
2.0382
2.0382
2.0382
2.03821
2.03824
2.03826
2.03826
2.03824
2.03823
2.03823
2.03823
2.03822
2.03821
2.03822
2.03823
2.03825
2.03826
2.03823
2.03819
2.03817
2.0382
2.03825
2.03825
2.03823
2.03823
2.03824
2.03823
2.0382
2.03821
2.03825
2.03826
2.03823
2.03821
2.03822
2.03823
2.03825
2.03825
2.03822
2.03818
2.03815
2.03818
2.03825
2.03829
2.03827
2.03823
2.03818
2.03814
2.03812
2.03814
2.03819
2.03825
2.0383
2.03831
2.03828
2.03822
2.03819
2.03817
