0.36829
1.06461
1.74636
2.24889
2.55296
2.69675
2.73177
2.70955
2.68021
2.67657
2.70099
2.73743
2.77842
2.82214
2.85063
2.85537
2.84958
2.83266
2.77365
2.65274
2.50538
2.394
2.35022
2.3698
2.434
2.52058
2.61103
2.69686
2.77663
2.8445
2.88745
2.89626
2.86973
2.80649
2.70418
2.57615
2.46753
2.43197
2.48388
2.59378
2.71415
2.80204
2.84484
2.85446
2.82405
2.73959
2.62702
2.55444
2.56457
2.61834
2.66418
2.67983
2.66219
2.62322
2.57862
2.54434
2.53837
2.57225
2.63961
2.70846
2.73059
2.68617
2.61149
2.56405
2.57335
2.6254
2.682
2.706
2.6816
2.61943
2.54644
2.49229
2.48064
2.52213
2.59927
2.68288
2.75888
2.82576
2.88015
2.91205
2.91004
2.87078
2.80519
2.73266
2.67048
2.63782
2.64113
2.64727
2.62017
2.56313
2.51769
2.5322
2.61368
2.72055
2.81983
2.90558
2.95683
2.94994
2.90743
2.882
2.88863
2.89137
2.86213
2.81597
2.78433
2.78732
2.8259
2.88324
2.93579
2.9674
2.97995
2.97877
2.95281
2.8905
2.80383
2.72421
2.67365
2.65458
2.66291
2.69095
2.72854
2.76678
2.79236
2.79073
2.76269
2.72038
2.66708
2.60459
2.55804
2.5573
2.59551
2.64497
2.69177
2.73615
2.78002
2.83007
2.88332
2.89991
2.85953
2.79178
2.7408
2.72583
2.74577
2.80427
2.8782
2.916
2.89226
2.82822
2.7597
2.70646
2.67488
2.65323
2.63298
2.63139
2.66052
2.70489
2.74812
2.77968
2.77883
2.72521
2.62444
2.52476
2.52438
2.64109
2.75526
2.80447
2.81132
2.81378
2.80591
2.75874
2.68885
2.65034
2.66596
2.70005
2.71882
2.72463
2.72917
2.73003
2.71451
2.68149
2.64806
2.62503
2.60502
2.59058
2.59806
2.63112
2.69882
2.81568
2.95279
3.04842
3.06656
3.01708
2.93172
2.83422
2.74339
2.69459
2.70912
2.74576
2.7583
2.74317
2.7202
2.70672
2.70457
2.71043
2.7235
2.74128
2.75874
2.76658
2.75249
2.71243
2.66257
2.63705
2.65945
2.71569
2.77394
2.8159
2.83783
2.8541
2.89351
2.94832
2.97286
2.94011
2.85693
2.75284
2.65934
2.59891
2.58807
2.6216
2.66657
2.68595
2.67365
2.66696
2.6942
2.72083
2.69655
2.63776
2.62501
2.70653
2.83246
2.91629
2.91815
2.85186
2.75372
2.66607
2.62464
2.63745
2.70238
2.81017
2.91364
2.95652
2.92522
2.85092
2.77786
2.73892
2.74864
2.79678
2.85422
2.88366
2.84931
2.75119
2.63076
2.53506
2.48593
2.48274
2.51552
2.5713
2.64003
2.71121
2.76723
2.79234
2.79049
2.78964
2.82516
2.90172
2.97233
2.98811
2.94383
2.86348
2.77678
2.71384
2.68559
2.67166
2.65751
2.66422
2.71551
2.80299
2.90427
3.00379
3.09057
3.14856
3.15937
3.11551
3.03056
2.93567
2.85597
2.7957
2.75052
2.71834
2.69754
2.68718
2.68816
2.69763
2.7073
2.70824
2.69671
2.68019
2.67953
2.7093
2.75189
2.78317
2.81163
2.84456
2.84676
2.79562
2.72442
2.69855
2.75732
2.86891
2.97436
3.04469
3.07598
3.07126
3.03748
2.98858
2.94415
2.91066
2.87656
2.83826
2.80953
2.80413
2.82054
2.84193
2.84252
2.8092
2.76274
2.73417
2.72775
2.72498
2.70481
2.66235
2.61815
2.60211
2.62638
2.68552
2.76613
2.84329
2.89745
2.92685
2.92961
2.90136
2.85185
2.79854
2.74824
2.70684
2.70023
2.74294
2.80269
2.84644
2.87562
2.88852
2.86378
2.81732
2.80428
2.82035
2.84715
2.89592
2.95188
2.9834
2.96608
2.89721
2.80603
2.74028
2.73428
2.78586
2.86913
2.95795
3.0274
3.0659
3.09397
3.14453
3.21874
3.27729
3.27636
3.19936
3.0591
2.88656
2.72835
2.63418
2.62323
2.67711
2.75559
2.81839
2.84859
2.85791
2.86447
2.86696
2.8484
2.79648
2.71444
2.63153
2.57527
2.54359
2.54207
2.5922
2.68712
2.77793
2.82602
2.84296
2.85962
2.88588
2.9084
2.90296
2.85563
2.78196
2.72128
2.7038
2.72224
2.75069
2.78479
2.83268
2.87582
2.87548
2.82155
2.75824
2.74373
2.78193
2.82974
2.8541
2.85085
2.83072
2.80483
2.78016
2.76119
2.74949
2.74354
2.74543
2.76127
2.78869
2.80515
2.77915
2.70269
2.60724
2.54139
2.53526
2.59074
2.68574
2.77843
2.8315
2.83469
2.80634
2.7772
2.76531
2.77492
2.80193
2.82999
2.84274
2.83526
2.81128
2.78001
2.74809
2.7205
2.71145
2.74144
2.81386
2.89512
2.94217
2.93529
2.89036
2.85307
2.86829
2.94367
3.03757
3.08648
3.05773
2.96918
2.85912
2.75578
2.67731
2.63891
2.64314
2.67486
2.71576
2.76415
2.82689
2.89492
2.9507
2.99618
3.05265
3.11169
3.12241
3.06208
2.97555
2.905
2.85357
2.83659
2.86544
2.92988
3.01185
3.09092
3.14109
3.13707
3.07656
2.99134
2.91794
2.87188
2.86402
2.89802
2.94684
2.97379
2.96685
2.93226
2.87594
2.80893
2.7559
2.74075
2.75881
2.78091
2.78846
2.78692
2.79065
2.80462
2.82782
2.85279
2.85763
2.82556
2.76382
2.69634
2.64908
2.63188
2.63187
2.63181
2.6256
2.62438
2.64533
2.69096
2.75135
2.81452
2.8688
2.90653
2.93403
2.98113
3.05155
3.10203
3.10945
3.07855
3.02222
2.95656
2.89538
2.84633
2.80998
2.7771
2.73798
2.69497
2.66195
2.65827
2.69616
2.75555
2.79287
2.78788
2.76235
2.75586
2.78313
2.8258
2.86164
2.88477
2.89276
2.86912
2.8096
2.75586
2.76506
2.84487
2.95128
3.03035
3.04664
3.00117
2.92862
2.86371
2.81266
2.75887
2.69153
2.62368
2.58106
2.59229
2.67086
2.79395
2.915
2.99204
3.01146
3.00173
3.00603
3.02693
3.02967
2.99305
2.93254
2.87838
2.85126
2.85573
2.87721
2.89154
2.88109
2.84035
2.78074
2.72586
2.6826
2.63872
2.59709
2.58183
2.60678
2.65637
2.70777
2.74957
2.78649
2.82989
2.87817
2.92421
2.96963
3.0091
3.01295
2.94815
2.81447
2.64932
2.50907
2.44544
2.47172
2.55245
2.63708
2.69515
2.73148
2.7725
2.82839
2.87748
2.89521
2.87634
2.82736
2.75061
2.64276
2.51671
2.42724
2.42312
2.48427
2.56948
2.6443
2.69553
2.73937
2.79947
2.88628
2.98704
3.06677
3.08673
3.03282
2.9281
2.82053
2.7546
2.74516
2.77853
2.84392
2.9309
3.01538
3.08682
3.14426
3.17391
3.15672
3.09213
3.00167
2.90884
2.82466
2.76045
2.74342
2.79139
2.8774
2.95305
2.98678
2.97058
2.91324
2.83368
2.75769
2.7029
2.65924
2.60124
2.53224
2.4983
2.53014
2.60174
2.66558
2.68854
2.66432
2.62492
2.61509
2.64226
2.68144
2.70951
2.72131
2.72477
2.72898
2.73819
2.7548
2.78307
2.82133
2.85795
2.88385
2.90149
2.91587
2.92031
2.89992
2.85472
2.81372
2.8015
2.7983
2.77218
2.72219
2.66115
2.5923
2.53174
2.52695
2.60504
2.73136
2.8587
2.96129
3.02751
3.04601
3.00591
2.91503
2.81078
2.73412
2.68522
2.6433
2.61751
2.6288
2.66988
2.71795
2.76131
2.79692
2.82945
2.8662
2.88942
2.87411
2.83517
2.81217
2.8095
2.81619
2.84064
2.88858
2.95219
3.01813
3.06208
3.05382
2.98829
2.89039
2.80204
2.76654
2.79767
2.86213
2.90345
2.88433
2.80872
2.71514
2.64837
2.62785
2.64355
2.67542
2.70779
2.7296
2.73372
2.72462
2.72156
2.7491
2.82271
2.93034
3.02689
3.07148
3.06546
3.03982
3.01699
2.9971
2.9729
2.938
2.88725
2.8257
2.77495
2.76077
2.78744
2.82521
2.83316
2.79853
2.74217
2.68422
2.63603
2.61683
2.6348
2.653
2.62734
2.56302
2.50047
2.48128
2.53589
2.65346
2.77594
2.85312
2.87719
2.86418
2.82802
2.7743
2.70094
2.61329
2.54502
2.53583
2.59155
2.68219
2.77693
2.86805
2.94698
2.98596
2.96984
2.91792
2.86632
2.8371
2.82353
2.80782
2.79033
2.79622
2.8502
2.94177
3.02956
3.08001
3.08332
3.04343
2.97579
2.90788
2.84686
2.77569
2.71175
2.69078
2.70313
2.70725
2.67969
2.62946
2.58778
2.59409
2.66693
2.77261
2.85769
2.89863
2.8989
2.87806
2.86947
2.89298
2.93069
2.94322
2.90968
2.84874
2.77582
2.6844
2.59327
2.54556
2.5452
2.55622
2.56953
2.61748
2.6988
2.76274
2.79028
2.79933
2.80324
2.80157
2.79997
2.8129
2.84188
2.87207
2.87777
2.84443
2.78527
2.7276
2.69117
2.67905
2.68053
2.68609
2.70066
2.73063
2.7624
2.76934
2.7406
2.69423
2.6649
2.68117
2.7397
2.80747
2.85681
2.87691
2.86877
2.84792
2.8343
2.83622
2.84711
2.84421
2.79975
2.72622
2.68885
2.72782
2.80113
2.83044
2.78323
2.70452
2.66907
2.69724
2.75348
2.80458
2.83553
2.84191
2.82605
2.78578
2.71177
2.60975
2.51453
2.47065
2.49574
2.57622
2.68137
2.76132
2.77909
2.74623
2.7025
2.67275
2.66372
2.66849
2.66438
2.65013
2.6563
2.69325
2.72572
2.7281
2.711
2.6982
2.71222
2.75791
2.81468
2.86383
2.90035
2.91956
2.92776
2.94752
2.99135
3.04965
3.10443
3.13924
3.14146
3.10398
3.02849
2.93215
2.84665
2.79664
2.78134
2.78615
2.80015
2.82273
2.85627
2.88927
2.9074
2.91472
2.92646
2.95598
3.0064
3.05423
3.0597
3.00878
2.93299
2.87501
2.83775
2.80351
2.7695
2.74116
2.71017
2.65879
2.59471
2.55043
2.5378
2.53532
2.52665
2.52052
2.53553
2.58594
2.67084
2.76235
2.81772
2.8169
2.78955
2.80004
2.88584
3.02868
3.18283
3.29082
3.30705
3.21929
3.04885
2.84719
2.68368
2.61544
2.65636
2.77212
2.90776
3.01989
