1.4861
0.441256
-0.581477
-1.33525
-1.7913
-2.00692
-2.05941
-2.02604
-1.98199
-1.97654
-2.01318
-2.06785
-2.12933
-2.19493
-2.23767
-2.24477
-2.23608
-2.21074
-2.12224
-1.94085
-1.71975
-1.55267
-1.487
-1.51639
-1.61269
-1.74258
-1.87826
-2.00701
-2.12665
-2.22847
-2.29291
-2.30612
-2.26633
-2.17148
-2.01802
-1.82593
-1.66294
-1.60959
-1.68748
-1.85238
-2.03298
-2.16482
-2.22901
-2.24345
-2.19786
-2.07116
-1.90223
-1.79332
-1.80857
-1.88926
-1.95803
-1.98149
-1.95502
-1.89655
-1.82963
-1.77819
-1.76924
-1.82006
-1.92113
-2.02446
-2.05768
-1.99101
-1.87893
-1.80774
-1.8217
-1.89982
-1.98475
-2.02076
-1.98415
-1.89087
-1.78137
-1.70012
-1.68264
-1.74489
-1.86063
-1.98605
-2.10004
-2.20035
-2.28196
-2.32981
-2.32681
-2.2679
-2.1695
-2.0607
-1.96741
-1.91841
-1.92342
-1.93267
-1.89202
-1.80643
-1.73822
-1.75998
-1.88224
-2.04258
-2.1915
-2.32014
-2.39704
-2.38667
-2.32285
-2.28469
-2.29468
-2.29881
-2.25494
-2.18566
-2.13818
-2.14267
-2.20054
-2.28658
-2.36542
-2.41284
-2.43165
-2.4299
-2.39097
-2.2975
-2.16746
-2.04801
-1.97216
-1.94356
-1.95607
-1.99814
-2.05453
-2.11189
-2.15028
-2.14782
-2.10574
-2.04228
-1.96233
-1.86859
-1.79873
-1.79762
-1.85497
-1.92917
-1.99938
-2.06594
-2.13173
-2.20682
-2.28673
-2.31163
-2.25103
-2.14936
-2.07288
-2.05043
-2.08033
-2.16811
-2.27906
-2.33578
-2.30015
-2.20405
-2.10126
-2.0214
-1.97403
-1.94158
-1.91118
-1.90878
-1.95249
-2.01906
-2.08391
-2.13125
-2.13
-2.04957
-1.8984
-1.74878
-1.74818
-1.92339
-2.0947
-2.16847
-2.1787
-2.18241
-2.17064
-2.09987
-1.99497
-1.93719
-1.96066
-2.01182
-2.03996
-2.04865
-2.05547
-2.05678
-2.0335
-1.98397
-1.93381
-1.89928
-1.86926
-1.84758
-1.8588
-1.90838
-2.00991
-2.18522
-2.39094
-2.53441
-2.56161
-2.48735
-2.3593
-2.21304
-2.07677
-2.00353
-2.02538
-2.08038
-2.09919
-2.07648
-2.042
-2.02178
-2.01856
-2.02735
-2.04695
-2.07363
-2.09982
-2.1116
-2.09046
-2.03036
-1.95553
-1.91723
-1.95085
-2.03523
-2.12263
-2.18558
-2.21847
-2.24284
-2.30196
-2.38422
-2.42106
-2.37192
-2.24712
-2.09096
-1.95069
-1.86003
-1.84378
-1.89411
-1.9616
-1.99068
-1.97219
-1.96212
-2.00303
-2.04303
-2.0066
-1.91832
-1.89914
-2.02146
-2.21045
-2.33623
-2.339
-2.23954
-2.09229
-1.9608
-1.89865
-1.91786
-2.01526
-2.17699
-2.33225
-2.39657
-2.34959
-2.23808
-2.12847
-2.07004
-2.08463
-2.15687
-2.24306
-2.28726
-2.23574
-2.08851
-1.90781
-1.76424
-1.69056
-1.68578
-1.73496
-1.81864
-1.92173
-2.02852
-2.11257
-2.15023
-2.14742
-2.14613
-2.19939
-2.31428
-2.42025
-2.44391
-2.37747
-2.25693
-2.12685
-2.03242
-1.99007
-1.96921
-1.94796
-1.95799
-2.03494
-2.16617
-2.31809
-2.46737
-2.59756
-2.68456
-2.70079
-2.63499
-2.50753
-2.36516
-2.24561
-2.15523
-2.08745
-2.03919
-2.00799
-1.99246
-1.99392
-2.00815
-2.02265
-2.02407
-2.00677
-1.98197
-1.98096
-2.02563
-2.08956
-2.13646
-2.17913
-2.22857
-2.23189
-2.15515
-2.04829
-2.00944
-2.09763
-2.26507
-2.42326
-2.52876
-2.57569
-2.56859
-2.51791
-2.44455
-2.3779
-2.32768
-2.27654
-2.21908
-2.17597
-2.16788
-2.19251
-2.22462
-2.22553
-2.17551
-2.1058
-2.06294
-2.05333
-2.04921
-2.01895
-1.95524
-1.88892
-1.86485
-1.90126
-1.98997
-2.1109
-2.22666
-2.3079
-2.35199
-2.35613
-2.31376
-2.23947
-2.15951
-2.08407
-2.02194
-2.01201
-2.07611
-2.16578
-2.23139
-2.27517
-2.29454
-2.25742
-2.18767
-2.16813
-2.19224
-2.23243
-2.3056
-2.38956
-2.43687
-2.4109
-2.30757
-2.17075
-2.07209
-2.0631
-2.14049
-2.26542
-2.39867
-2.50285
-2.56059
-2.60264
-2.67848
-2.78984
-2.87771
-2.87634
-2.76082
-2.55041
-2.29156
-2.0542
-1.91293
-1.89652
-1.97738
-2.09515
-2.18936
-2.23465
-2.2486
-2.25844
-2.2622
-2.23438
-2.1565
-2.03341
-1.90901
-1.82464
-1.77711
-1.77481
-1.85001
-1.99243
-2.12869
-2.2008
-2.22618
-2.25116
-2.29056
-2.32437
-2.31622
-2.24521
-2.13466
-2.04361
-2.0174
-2.04509
-2.08778
-2.13892
-2.21077
-2.27552
-2.27501
-2.19408
-2.09903
-2.07728
-2.13461
-2.20636
-2.24291
-2.23802
-2.20781
-2.16898
-2.13198
-2.10352
-2.08597
-2.07704
-2.07987
-2.10363
-2.14477
-2.16951
-2.13051
-2.01579
-1.87256
-1.77376
-1.76458
-1.84782
-1.99036
-2.12942
-2.20904
-2.2138
-2.17125
-2.12753
-2.10969
-2.1241
-2.16463
-2.20674
-2.22587
-2.21464
-2.17866
-2.13175
-2.08387
-2.04247
-2.02888
-2.07386
-2.18252
-2.30445
-2.37504
-2.36471
-2.29727
-2.2413
-2.26412
-2.37722
-2.51815
-2.59154
-2.54839
-2.41553
-2.25042
-2.0954
-1.97767
-1.92007
-1.92643
-1.97403
-2.03537
-2.10794
-2.20206
-2.30413
-2.3878
-2.45599
-2.5407
-2.62932
-2.64543
-2.55489
-2.42505
-2.31922
-2.24206
-2.21657
-2.25985
-2.35652
-2.4795
-2.59813
-2.67341
-2.66738
-2.5766
-2.44873
-2.33863
-2.26952
-2.25773
-2.30875
-2.38202
-2.42245
-2.41204
-2.36014
-2.27565
-2.17512
-2.09555
-2.07283
-2.09996
-2.13312
-2.14444
-2.14212
-2.1477
-2.16866
-2.20346
-2.24094
-2.24821
-2.2001
-2.10746
-2.00623
-1.93532
-1.90954
-1.90955
-1.90946
-1.90013
-1.89828
-1.92972
-1.99817
-2.08876
-2.18353
-2.26497
-2.32156
-2.36277
-2.43342
-2.53909
-2.61483
-2.62595
-2.5796
-2.49508
-2.39657
-2.30481
-2.23123
-2.17672
-2.12742
-2.06874
-2.0042
-1.95466
-1.94912
-2.00597
-2.0951
-2.15109
-2.14358
-2.10525
-2.09549
-2.13642
-2.20045
-2.25421
-2.2889
-2.30091
-2.26546
-2.17615
-2.09548
-2.10927
-2.22903
-2.3887
-2.50734
-2.53177
-2.46353
-2.35467
-2.2573
-2.18075
-2.10007
-1.99906
-1.89726
-1.8333
-1.85012
-1.968
-2.15268
-2.33429
-2.44986
-2.47896
-2.46433
-2.47078
-2.50217
-2.50629
-2.45135
-2.36055
-2.2793
-2.2386
-2.24533
-2.27757
-2.29907
-2.28341
-2.22229
-2.13286
-2.05054
-1.98566
-1.91985
-1.85737
-1.83447
-1.8719
-1.94631
-2.02342
-2.08612
-2.14149
-2.20659
-2.27901
-2.34807
-2.41619
-2.47544
-2.48124
-2.38405
-2.1835
-1.93572
-1.72531
-1.62984
-1.66929
-1.79043
-1.91741
-2.00451
-2.05897
-2.12048
-2.20434
-2.27799
-2.30459
-2.27629
-2.20282
-2.08771
-1.92593
-1.73681
-1.60255
-1.5964
-1.68817
-1.816
-1.92824
-2.00505
-2.07079
-2.16092
-2.29114
-2.44232
-2.56194
-2.59191
-2.51102
-2.3539
-2.1925
-2.0936
-2.07946
-2.12953
-2.22761
-2.35811
-2.48484
-2.592
-2.67815
-2.72265
-2.69688
-2.59996
-2.46426
-2.325
-2.19873
-2.10239
-2.07682
-2.1488
-2.27786
-2.39136
-2.44197
-2.41766
-2.33163
-2.21226
-2.09826
-2.01609
-1.95064
-1.86363
-1.76009
-1.70915
-1.75693
-1.86438
-1.96017
-1.99462
-1.95824
-1.89909
-1.88436
-1.92512
-1.98392
-2.02602
-2.04371
-2.04889
-2.0552
-2.06902
-2.09393
-2.13633
-2.19374
-2.24867
-2.28753
-2.31397
-2.33554
-2.34223
-2.31165
-2.24381
-2.18229
-2.16398
-2.15921
-2.12003
-2.04504
-1.95348
-1.85019
-1.7593
-1.75209
-1.86926
-2.05877
-2.2498
-2.4037
-2.50303
-2.53079
-2.47064
-2.3343
-2.17788
-2.0629
-1.98958
-1.92669
-1.88799
-1.90493
-1.96657
-2.03869
-2.10373
-2.15714
-2.20593
-2.26107
-2.29593
-2.27296
-2.21451
-2.18
-2.17601
-2.18603
-2.22269
-2.29461
-2.39003
-2.48896
-2.55491
-2.54252
-2.44421
-2.29731
-2.16476
-2.11148
-2.15822
-2.25496
-2.31697
-2.28829
-2.17484
-2.03443
-1.93425
-1.90348
-1.92706
-1.97487
-2.02344
-2.05617
-2.06235
-2.04868
-2.04407
-2.08536
-2.19579
-2.35728
-2.50213
-2.56902
-2.55995
-2.52147
-2.48723
-2.4574
-2.4211
-2.36875
-2.29263
-2.20029
-2.12414
-2.10286
-2.1429
-2.19959
-2.21154
-2.15958
-2.07502
-1.98808
-1.91579
-1.88697
-1.91396
-1.94131
-1.90282
-1.8063
-1.71243
-1.68361
-1.76554
-1.94195
-2.12571
-2.24148
-2.27757
-2.25804
-2.2038
-2.12323
-2.0132
-1.88168
-1.77925
-1.76546
-1.84907
-1.98506
-2.12716
-2.26384
-2.38226
-2.44074
-2.41654
-2.33863
-2.2612
-2.21737
-2.19704
-2.17348
-2.14722
-2.15603
-2.237
-2.3744
-2.50612
-2.58179
-2.58677
-2.52691
-2.42543
-2.32357
-2.23206
-2.12529
-2.02934
-1.99789
-2.01646
-2.02267
-1.98131
-1.90594
-1.84339
-1.85283
-1.96212
-2.12068
-2.24833
-2.30973
-2.31011
-2.27883
-2.26592
-2.3012
-2.35781
-2.37663
-2.32629
-2.23486
-2.12549
-1.98835
-1.8516
-1.78003
-1.77955
-1.79609
-1.81601
-1.88793
-2.00997
-2.10589
-2.14718
-2.16074
-2.16661
-2.1641
-2.16169
-2.18108
-2.22456
-2.26987
-2.27844
-2.22841
-2.13965
-2.05312
-1.99849
-1.98032
-1.98255
-1.99089
-2.01273
-2.0577
-2.10538
-2.1158
-2.07268
-2.00309
-1.95907
-1.98347
-2.07131
-2.17298
-2.24699
-2.27714
-2.26491
-2.23363
-2.21319
-2.21608
-2.23244
-2.22813
-2.16144
-2.05107
-1.99497
-2.05347
-2.16352
-2.20752
-2.13665
-2.01851
-1.96532
-2.00761
-2.09199
-2.16866
-2.21509
-2.22465
-2.20086
-2.14047
-2.02947
-1.8764
-1.73354
-1.6677
-1.70535
-1.8261
-1.98388
-2.10383
-2.13047
-2.08114
-2.01552
-1.97089
-1.95736
-1.96454
-1.95838
-1.93697
-1.94622
-2.00167
-2.0504
-2.05395
-2.02828
-2.00905
-2.03007
-2.09864
-2.18382
-2.25753
-2.31232
-2.34113
-2.3534
-2.38303
-2.44878
-2.53625
-2.61843
-2.67066
-2.67399
-2.61778
-2.50452
-2.35999
-2.23172
-2.1567
-2.13377
-2.14099
-2.16199
-2.19586
-2.24618
-2.29569
-2.32288
-2.33385
-2.35145
-2.39571
-2.47137
-2.54315
-2.55137
-2.47497
-2.36124
-2.27427
-2.21839
-2.16703
-2.11601
-2.07351
-2.02705
-1.94998
-1.85382
-1.78739
-1.76848
-1.76477
-1.75176
-1.74255
-1.76505
-1.84067
-1.96804
-2.10534
-2.18843
-2.18717
-2.14608
-2.16177
-2.29049
-2.50479
-2.73607
-2.89809
-2.92245
-2.79079
-2.53509
-2.23254
-1.98721
-1.88485
-1.94627
-2.11996
-2.32345
-2.49167
